3.6	-0.725	1.07
3.6	-1.285	1.07
-3.6	-1.285	1.07
-3.6	-0.725	1.07
3.6	-0.725	0.23
3.6	-1.285	0.23
-3.6	-1.285	0.23
-3.6	-0.725	0.23
3.6	0.725	1.07
3.6	1.285	1.07
-3.6	1.285	1.07
-3.6	0.725	1.07
3.6	0.725	0.23
3.6	1.285	0.23
-3.6	1.285	0.23
-3.6	0.725	0.23
3.6	-0.755	1.05
4.5	-0.207	1.05
4.5	-0.7	1.05
3.6	-1.256	1.05
3.6	-0.755	0.25
4.5	-0.207	0.25
4.5	-0.7	0.25
3.6	-1.256	0.25
3.6	0.755	1.05
4.5	0.207	1.05
4.5	0.7	1.05
3.6	1.256	1.05
3.6	0.755	0.25
4.5	0.207	0.25
4.5	0.7	0.25
3.6	1.256	0.25
-3.6	0.755	1.05
-4.5	0.207	1.05
-4.5	0.7	1.05
-3.6	1.256	1.05
-3.6	0.755	0.25
-4.5	0.207	0.25
-4.5	0.7	0.25
-3.6	1.256	0.25
-3.6	-0.755	1.05
-4.5	-0.207	1.05
-4.5	-0.7	1.05
-3.6	-1.256	1.05
-3.6	-0.755	0.25
-4.5	-0.207	0.25
-4.5	-0.7	0.25
-3.6	-1.256	0.25
3.6	-0.725	1.07
3.5	-0.725	1.07
3.5	0.725	1.07
3.6	0.725	1.07
3.6	-0.725	0.23
3.5	-0.725	0.23
3.5	0.725	0.23
3.6	0.725	0.23
-3.6	-0.725	1.07
-3.5	-0.725	1.07
-3.5	0.725	1.07
-3.6	0.725	1.07
-3.6	-0.725	0.23
-3.5	-0.725	0.23
-3.5	0.725	0.23
-3.6	0.725	0.23
4.5	-0.7	1.05
4.6	-0.7	1.05
4.6	0.7	1.05
4.5	0.7	1.05
4.5	-0.7	0.25
4.6	-0.7	0.25
4.6	0.7	0.25
4.5	0.7	0.25
-4.5	-0.7	1.05
-4.6	-0.7	1.05
-4.6	0.7	1.05
-4.5	0.7	1.05
-4.5	-0.7	0.25
-4.6	-0.7	0.25
-4.6	0.7	0.25
-4.5	0.7	0.25
0.435	-1.1	0.23
-0.435	-1.1	0.23
-0.1	-1.1	-0.075
0.1	-1.1	-0.075
0.435	-0.9	0.23
-0.435	-0.9	0.23
-0.1	-0.9	-0.075
0.1	-0.9	-0.075
0.435	1.1	0.23
-0.435	1.1	0.23
-0.1	1.1	-0.075
0.1	1.1	-0.075
0.435	0.9	0.23
-0.435	0.9	0.23
-0.1	0.9	-0.075
0.1	0.9	-0.075
-4.315	0	1.543
-4.515	0	1.543
4.315	0	1.543
4.515	0	1.543
-4	0	-0.157
-4.2	0	-0.157
4	0	-0.157
4.2	0	-0.157
-5.275	-0.1	0.7
-5.275	0.1	0.7
5.275	-0.1	0.7
5.275	0.1	0.7
1	2
2	3
3	4
4	1
5	6
6	7
7	8
8	5
1	5
2	6
3	7
4	8
9	10
10	11
11	12
12	9
13	14
14	15
15	16
16	13
9	13
10	14
11	15
12	16
17	18
18	19
19	20
20	17
21	22
22	23
23	24
24	21
17	21
18	22
19	23
20	24
25	26
26	27
27	28
28	25
29	30
30	31
31	32
32	29
25	29
26	30
27	31
28	32
33	34
34	35
35	36
36	33
37	38
38	39
39	40
40	37
33	37
34	38
35	39
36	40
41	42
42	43
43	44
44	41
45	46
46	47
47	48
48	45
41	45
42	46
43	47
44	48
49	50
50	51
51	52
52	49
53	54
54	55
55	56
56	53
49	53
50	54
51	55
52	56
57	58
58	59
59	60
60	57
61	62
62	63
63	64
64	61
57	61
58	62
59	63
60	64
65	66
66	67
67	68
68	65
69	70
70	71
71	72
72	69
65	69
66	70
67	71
68	72
73	74
74	75
75	76
76	73
77	78
78	79
79	80
80	77
73	77
74	78
75	79
76	80
81	82
82	83
83	84
84	81
85	86
86	87
87	88
88	85
81	85
82	86
83	87
84	88
89	90
90	91
91	92
92	89
93	94
94	95
95	96
96	93
89	93
90	94
91	95
92	96
97	98
99	100
101	102
103	104
105	106
107	108
