WaveHs	WaveTp	WaveDirection	Link1 Max Tension	Link1 Min Tension
3.000000	6.000000	165.000000	57.262672	39.294140
3.000000	6.000000	165.000000	58.208218	38.695961
3.000000	6.000000	165.000000	57.431484	36.610107
3.000000	6.000000	165.000000	59.028667	39.245926
3.000000	6.000000	165.000000	57.775940	35.560764
3.000000	6.000000	165.000000	56.145035	39.906380
3.000000	6.000000	165.000000	59.494854	36.942715
3.000000	6.000000	165.000000	58.689392	36.635937
3.000000	6.000000	165.000000	58.781822	38.260128
3.000000	6.000000	165.000000	57.065105	39.363544
3.000000	6.000000	165.000000	57.608891	39.131401
3.000000	6.000000	165.000000	56.047577	38.135891
3.000000	6.000000	165.000000	56.752457	39.924770
3.000000	6.000000	165.000000	58.392467	38.563507
3.000000	6.000000	165.000000	56.878914	38.110607
3.000000	6.000000	165.000000	58.809814	38.625538
3.000000	6.000000	165.000000	55.569809	40.916531
3.000000	6.000000	165.000000	56.770630	39.654743
3.000000	6.000000	165.000000	55.749828	40.496056
3.000000	6.000000	165.000000	58.786880	38.307735
3.000000	6.000000	165.000000	57.557095	36.928688
3.000000	6.000000	165.000000	58.409977	38.941967
3.000000	6.000000	165.000000	56.656536	38.309376
3.000000	6.000000	165.000000	57.641163	38.799118
3.000000	6.000000	165.000000	56.512379	40.402733
3.000000	6.000000	165.000000	57.128582	39.502953
3.000000	6.000000	165.000000	55.793484	40.383228
3.000000	6.000000	165.000000	57.614498	36.902302
3.000000	6.000000	165.000000	57.716022	37.071503
3.000000	6.000000	165.000000	61.302975	38.226624
3.000000	6.000000	165.000000	59.606064	35.582401
3.000000	6.000000	165.000000	61.765984	36.301388
3.000000	6.000000	165.000000	58.378143	37.300575
3.000000	6.000000	165.000000	57.573681	39.382732
3.000000	6.000000	165.000000	57.340431	39.537842
3.000000	6.000000	180.000000	61.103542	36.976322
3.000000	6.000000	180.000000	62.386135	35.285343
3.000000	6.000000	180.000000	58.012909	36.882092
3.000000	6.000000	180.000000	58.663979	38.828644
3.000000	6.000000	180.000000	60.181396	34.501045
3.000000	6.000000	180.000000	56.887093	39.698914
3.000000	6.000000	180.000000	60.126698	35.337193
3.000000	6.000000	180.000000	58.219650	37.180988
3.000000	6.000000	180.000000	60.881500	36.150684
3.000000	6.000000	180.000000	57.515511	36.339500
3.000000	6.000000	180.000000	59.698696	37.190334
3.000000	6.000000	180.000000	55.935223	38.973610
3.000000	6.000000	180.000000	58.576561	38.224617
3.000000	6.000000	180.000000	58.609951	36.898823
3.000000	6.000000	180.000000	58.340206	36.490822
3.000000	6.000000	180.000000	61.057053	37.735504
3.000000	6.000000	180.000000	55.486145	39.489098
3.000000	6.000000	180.000000	58.360500	38.184704
3.000000	6.000000	180.000000	56.541660	39.249977
3.000000	6.000000	180.000000	58.576088	34.767464
3.000000	6.000000	180.000000	58.364506	36.837311
3.000000	6.000000	180.000000	58.274944	37.526993
3.000000	6.000000	180.000000	57.447533	37.722527
3.000000	6.000000	180.000000	59.098156	35.489689
3.000000	6.000000	180.000000	57.364861	38.814938
3.000000	6.000000	180.000000	58.062229	37.082687
3.000000	6.000000	180.000000	56.009766	40.614292
3.000000	6.000000	180.000000	63.229053	36.008892
3.000000	6.000000	180.000000	58.582783	36.430340
3.000000	6.000000	180.000000	61.532738	34.281761
3.000000	6.000000	180.000000	60.371994	35.133202
3.000000	6.000000	180.000000	57.448456	38.581825
3.000000	6.000000	180.000000	58.449673	37.373585
3.000000	6.000000	180.000000	59.984440	37.874950
3.000000	6.000000	180.000000	56.510853	36.636902
3.000000	6.000000	195.000000	57.262672	39.294140
3.000000	6.000000	195.000000	58.208218	38.695961
3.000000	6.000000	195.000000	57.431484	36.610107
3.000000	6.000000	195.000000	59.028667	39.245926
3.000000	6.000000	195.000000	57.775940	35.560764
3.000000	6.000000	195.000000	56.145035	39.906380
3.000000	6.000000	195.000000	59.494854	36.942715
3.000000	6.000000	195.000000	58.689392	36.635937
3.000000	6.000000	195.000000	58.781822	38.260128
3.000000	6.000000	195.000000	57.065105	39.363544
3.000000	6.000000	195.000000	57.608891	39.131401
3.000000	6.000000	195.000000	56.047577	38.135891
3.000000	6.000000	195.000000	56.752457	39.924770
3.000000	6.000000	195.000000	58.392467	38.563507
3.000000	6.000000	195.000000	56.878914	38.110607
3.000000	6.000000	195.000000	58.809814	38.625538
3.000000	6.000000	195.000000	55.569809	40.916531
3.000000	6.000000	195.000000	56.770630	39.654743
3.000000	6.000000	195.000000	55.749828	40.496056
3.000000	6.000000	195.000000	58.786880	38.307735
3.000000	6.000000	195.000000	57.557095	36.928688
3.000000	6.000000	195.000000	58.409977	38.941967
3.000000	6.000000	195.000000	56.656536	38.309376
3.000000	6.000000	195.000000	57.641163	38.799118
3.000000	6.000000	195.000000	56.512379	40.402733
3.000000	6.000000	195.000000	57.128582	39.502953
3.000000	6.000000	195.000000	55.793484	40.383228
3.000000	6.000000	195.000000	57.614498	36.902302
3.000000	6.000000	195.000000	57.716022	37.071503
3.000000	6.000000	195.000000	61.302975	38.226624
3.000000	6.000000	195.000000	59.606064	35.582401
3.000000	6.000000	195.000000	61.765984	36.301388
3.000000	6.000000	195.000000	58.378143	37.300575
3.000000	6.000000	195.000000	57.573681	39.382732
3.000000	6.000000	195.000000	57.340431	39.537842
3.000000	7.000000	165.000000	58.661469	36.464943
3.000000	7.000000	165.000000	62.159885	33.096348
3.000000	7.000000	165.000000	58.800682	34.117493
3.000000	7.000000	165.000000	56.506996	36.860744
3.000000	7.000000	165.000000	59.351330	35.609894
3.000000	7.000000	165.000000	56.568157	38.796749
3.000000	7.000000	165.000000	59.433483	35.938374
3.000000	7.000000	165.000000	60.568035	37.074120
3.000000	7.000000	165.000000	59.136883	36.748196
3.000000	7.000000	165.000000	57.355785	38.834858
3.000000	7.000000	165.000000	59.267403	35.462822
3.000000	7.000000	165.000000	57.401764	38.811447
3.000000	7.000000	165.000000	57.935822	37.578304
3.000000	7.000000	165.000000	57.294861	36.198902
3.000000	7.000000	165.000000	57.117367	37.980755
3.000000	7.000000	165.000000	58.855537	35.529957
3.000000	7.000000	165.000000	56.818993	39.296780
3.000000	7.000000	165.000000	58.964432	35.840847
3.000000	7.000000	165.000000	57.849091	37.851387
3.000000	7.000000	165.000000	55.908855	36.401989
3.000000	7.000000	165.000000	60.946571	31.907301
3.000000	7.000000	165.000000	58.806889	36.171364
3.000000	7.000000	165.000000	58.726913	36.257481
3.000000	7.000000	165.000000	56.524059	38.477531
3.000000	7.000000	165.000000	57.513653	36.425873
3.000000	7.000000	165.000000	58.245785	36.227390
3.000000	7.000000	165.000000	58.188145	35.211544
3.000000	7.000000	165.000000	61.840481	33.288776
3.000000	7.000000	165.000000	60.158871	34.357128
3.000000	7.000000	165.000000	60.740105	35.570393
3.000000	7.000000	165.000000	63.073257	31.727003
3.000000	7.000000	165.000000	58.325130	35.305923
3.000000	7.000000	165.000000	58.295006	36.745979
3.000000	7.000000	165.000000	59.080666	36.010475
3.000000	7.000000	165.000000	57.404583	37.515362
3.000000	7.000000	180.000000	58.189758	35.769768
3.000000	7.000000	180.000000	59.348873	34.395496
3.000000	7.000000	180.000000	59.349323	38.264156
3.000000	7.000000	180.000000	57.279888	37.283333
3.000000	7.000000	180.000000	57.003056	37.722126
3.000000	7.000000	180.000000	55.430649	38.769878
3.000000	7.000000	180.000000	59.560204	37.670918
3.000000	7.000000	180.000000	57.722626	36.810368
3.000000	7.000000	180.000000	57.175488	36.162952
3.000000	7.000000	180.000000	55.407398	38.924706
3.000000	7.000000	180.000000	58.781170	36.778828
3.000000	7.000000	180.000000	57.636452	38.232281
3.000000	7.000000	180.000000	57.577248	38.885170
3.000000	7.000000	180.000000	57.782181	37.384777
3.000000	7.000000	180.000000	54.496853	40.667374
3.000000	7.000000	180.000000	56.546982	38.510841
3.000000	7.000000	180.000000	57.138935	39.479576
3.000000	7.000000	180.000000	57.572342	38.842083
3.000000	7.000000	180.000000	56.876068	38.567829
3.000000	7.000000	180.000000	56.792000	39.214970
3.000000	7.000000	180.000000	60.670761	32.706612
3.000000	7.000000	180.000000	58.979046	37.395149
3.000000	7.000000	180.000000	57.529018	36.771198
3.000000	7.000000	180.000000	56.594452	39.487694
3.000000	7.000000	180.000000	57.202259	37.131126
3.000000	7.000000	180.000000	59.270222	33.490166
3.000000	7.000000	180.000000	58.534672	36.852234
3.000000	7.000000	180.000000	60.581966	34.403797
3.000000	7.000000	180.000000	58.963711	34.159939
3.000000	7.000000	180.000000	59.206730	35.715015
3.000000	7.000000	180.000000	62.251308	34.998280
3.000000	7.000000	180.000000	59.305866	34.981640
3.000000	7.000000	180.000000	58.948853	39.007664
3.000000	7.000000	180.000000	56.695107	39.254765
3.000000	7.000000	180.000000	57.517784	38.840408
3.000000	7.000000	195.000000	58.661469	36.464943
3.000000	7.000000	195.000000	62.159885	33.096348
3.000000	7.000000	195.000000	58.800682	34.117493
3.000000	7.000000	195.000000	56.506996	36.860744
3.000000	7.000000	195.000000	59.351330	35.609894
3.000000	7.000000	195.000000	56.568157	38.796749
3.000000	7.000000	195.000000	59.433483	35.938374
3.000000	7.000000	195.000000	60.568035	37.074120
3.000000	7.000000	195.000000	59.136883	36.748196
3.000000	7.000000	195.000000	57.355785	38.834858
3.000000	7.000000	195.000000	59.267403	35.462822
3.000000	7.000000	195.000000	57.401764	38.811447
3.000000	7.000000	195.000000	57.935822	37.578304
3.000000	7.000000	195.000000	57.294861	36.198902
3.000000	7.000000	195.000000	57.117367	37.980755
3.000000	7.000000	195.000000	58.855537	35.529957
3.000000	7.000000	195.000000	56.818993	39.296780
3.000000	7.000000	195.000000	58.964432	35.840847
3.000000	7.000000	195.000000	57.849091	37.851387
3.000000	7.000000	195.000000	55.908855	36.401989
3.000000	7.000000	195.000000	60.946571	31.907301
3.000000	7.000000	195.000000	58.806889	36.171364
3.000000	7.000000	195.000000	58.726913	36.257481
3.000000	7.000000	195.000000	56.524059	38.477531
3.000000	7.000000	195.000000	57.513653	36.425873
3.000000	7.000000	195.000000	58.245785	36.227390
3.000000	7.000000	195.000000	58.188145	35.211544
3.000000	7.000000	195.000000	61.840481	33.288776
3.000000	7.000000	195.000000	60.158871	34.357128
3.000000	7.000000	195.000000	60.740105	35.570393
3.000000	7.000000	195.000000	63.073257	31.727003
3.000000	7.000000	195.000000	58.325130	35.305923
3.000000	7.000000	195.000000	58.295006	36.745979
3.000000	7.000000	195.000000	59.080666	36.010475
3.000000	7.000000	195.000000	57.404583	37.515362
3.000000	8.000000	165.000000	61.098213	33.508141
3.000000	8.000000	165.000000	60.665482	32.751022
3.000000	8.000000	165.000000	60.169388	34.687656
3.000000	8.000000	165.000000	60.567940	33.990364
3.000000	8.000000	165.000000	60.868839	35.984783
3.000000	8.000000	165.000000	57.624790	37.597168
3.000000	8.000000	165.000000	60.178547	33.916325
3.000000	8.000000	165.000000	58.468002	36.587582
3.000000	8.000000	165.000000	61.150585	35.195210
3.000000	8.000000	165.000000	58.027279	38.170372
3.000000	8.000000	165.000000	60.116493	33.947689
3.000000	8.000000	165.000000	56.000813	37.881042
3.000000	8.000000	165.000000	59.066566	33.935162
3.000000	8.000000	165.000000	60.388313	33.584576
3.000000	8.000000	165.000000	58.444027	37.804611
3.000000	8.000000	165.000000	59.305271	34.679817
3.000000	8.000000	165.000000	61.250008	34.392284
3.000000	8.000000	165.000000	61.462719	33.638973
3.000000	8.000000	165.000000	58.228207	36.805656
3.000000	8.000000	165.000000	56.521961	36.493042
3.000000	8.000000	165.000000	59.512810	35.724373
3.000000	8.000000	165.000000	62.304813	32.619987
3.000000	8.000000	165.000000	56.658310	36.198101
3.000000	8.000000	165.000000	59.581207	36.744766
3.000000	8.000000	165.000000	57.242725	38.705933
3.000000	8.000000	165.000000	60.057362	34.027821
3.000000	8.000000	165.000000	60.091400	34.295349
3.000000	8.000000	165.000000	59.833286	35.828777
3.000000	8.000000	165.000000	62.039700	35.056114
3.000000	8.000000	165.000000	60.098068	33.552811
3.000000	8.000000	165.000000	61.492912	33.612507
3.000000	8.000000	165.000000	60.126423	37.809727
3.000000	8.000000	165.000000	60.806389	35.136490
3.000000	8.000000	165.000000	58.888222	36.264690
3.000000	8.000000	165.000000	57.017376	39.048954
3.000000	8.000000	180.000000	58.831833	35.968227
3.000000	8.000000	180.000000	62.286743	34.376343
3.000000	8.000000	180.000000	59.969955	32.982304
3.000000	8.000000	180.000000	59.513130	35.296707
3.000000	8.000000	180.000000	61.543648	35.984207
3.000000	8.000000	180.000000	57.414570	39.068485
3.000000	8.000000	180.000000	60.036255	34.021370
3.000000	8.000000	180.000000	58.166294	36.884495
3.000000	8.000000	180.000000	62.513466	35.157791
3.000000	8.000000	180.000000	57.199764	38.655479
3.000000	8.000000	180.000000	60.020741	34.769680
3.000000	8.000000	180.000000	56.031631	37.593098
3.000000	8.000000	180.000000	58.250183	36.306957
3.000000	8.000000	180.000000	60.151577	35.747421
3.000000	8.000000	180.000000	57.972107	38.103664
3.000000	8.000000	180.000000	59.456062	35.203037
3.000000	8.000000	180.000000	59.757530	34.470676
3.000000	8.000000	180.000000	61.019405	34.722881
3.000000	8.000000	180.000000	57.214130	36.964901
3.000000	8.000000	180.000000	55.635983	38.525856
3.000000	8.000000	180.000000	57.675182	38.206490
3.000000	8.000000	180.000000	59.261246	35.232811
3.000000	8.000000	180.000000	57.014603	37.073833
3.000000	8.000000	180.000000	58.056896	38.221848
3.000000	8.000000	180.000000	57.814034	38.233036
3.000000	8.000000	180.000000	60.074284	36.770939
3.000000	8.000000	180.000000	60.483261	33.781189
3.000000	8.000000	180.000000	58.255749	36.872551
3.000000	8.000000	180.000000	60.016502	36.301975
3.000000	8.000000	180.000000	61.899372	35.659615
3.000000	8.000000	180.000000	60.666618	35.180290
3.000000	8.000000	180.000000	59.841324	36.499908
3.000000	8.000000	180.000000	60.355419	35.317543
3.000000	8.000000	180.000000	58.060223	36.102364
3.000000	8.000000	180.000000	57.545498	38.448563
3.000000	8.000000	195.000000	61.098213	33.508141
3.000000	8.000000	195.000000	60.665482	32.751022
3.000000	8.000000	195.000000	60.169388	34.687656
3.000000	8.000000	195.000000	60.567940	33.990364
3.000000	8.000000	195.000000	60.868839	35.984783
3.000000	8.000000	195.000000	57.624790	37.597168
3.000000	8.000000	195.000000	60.178547	33.916325
3.000000	8.000000	195.000000	58.468002	36.587582
3.000000	8.000000	195.000000	61.150585	35.195210
3.000000	8.000000	195.000000	58.027279	38.170372
3.000000	8.000000	195.000000	60.116493	33.947689
3.000000	8.000000	195.000000	56.000813	37.881042
3.000000	8.000000	195.000000	59.066566	33.935162
3.000000	8.000000	195.000000	60.388313	33.584576
3.000000	8.000000	195.000000	58.444027	37.804611
3.000000	8.000000	195.000000	59.305271	34.679817
3.000000	8.000000	195.000000	61.250008	34.392284
3.000000	8.000000	195.000000	61.462719	33.638973
3.000000	8.000000	195.000000	58.228207	36.805656
3.000000	8.000000	195.000000	56.521961	36.493042
3.000000	8.000000	195.000000	59.512810	35.724373
3.000000	8.000000	195.000000	62.304813	32.619987
3.000000	8.000000	195.000000	56.658310	36.198101
3.000000	8.000000	195.000000	59.581207	36.744766
3.000000	8.000000	195.000000	57.242725	38.705933
3.000000	8.000000	195.000000	60.057362	34.027821
3.000000	8.000000	195.000000	60.091400	34.295349
3.000000	8.000000	195.000000	59.833286	35.828777
3.000000	8.000000	195.000000	62.039700	35.056114
3.000000	8.000000	195.000000	60.098068	33.552811
3.000000	8.000000	195.000000	61.492912	33.612507
3.000000	8.000000	195.000000	60.126423	37.809727
3.000000	8.000000	195.000000	60.806389	35.136490
3.000000	8.000000	195.000000	58.888222	36.264690
3.000000	8.000000	195.000000	57.017376	39.048954
3.000000	10.000000	165.000000	58.400238	37.852787
3.000000	10.000000	165.000000	59.364563	36.574581
3.000000	10.000000	165.000000	59.502171	37.585812
3.000000	10.000000	165.000000	60.519325	36.673000
3.000000	10.000000	165.000000	60.352520	34.347717
3.000000	10.000000	165.000000	59.850895	36.846992
3.000000	10.000000	165.000000	61.969994	33.437527
3.000000	10.000000	165.000000	60.729763	34.135723
3.000000	10.000000	165.000000	58.389809	34.908916
3.000000	10.000000	165.000000	56.828098	38.972897
3.000000	10.000000	165.000000	57.937103	36.096855
3.000000	10.000000	165.000000	58.163086	37.913979
3.000000	10.000000	165.000000	56.907104	38.564400
3.000000	10.000000	165.000000	58.816910	36.437351
3.000000	10.000000	165.000000	54.855896	40.397182
3.000000	10.000000	165.000000	60.603867	36.091049
3.000000	10.000000	165.000000	58.602890	37.047180
3.000000	10.000000	165.000000	59.055748	37.165211
3.000000	10.000000	165.000000	59.951099	37.624214
3.000000	10.000000	165.000000	56.163658	40.264347
3.000000	10.000000	165.000000	58.669312	36.255825
3.000000	10.000000	165.000000	59.514088	35.421043
3.000000	10.000000	165.000000	59.499733	36.676712
3.000000	10.000000	165.000000	58.850494	36.489769
3.000000	10.000000	165.000000	54.391220	41.195831
3.000000	10.000000	165.000000	56.319710	39.985134
3.000000	10.000000	165.000000	58.920589	37.312424
3.000000	10.000000	165.000000	55.670681	38.817017
3.000000	10.000000	165.000000	63.565563	29.402603
3.000000	10.000000	165.000000	57.499321	37.944767
3.000000	10.000000	165.000000	62.056450	33.859497
3.000000	10.000000	165.000000	60.284397	36.028210
3.000000	10.000000	165.000000	62.407330	34.826756
3.000000	10.000000	165.000000	57.726009	37.640823
3.000000	10.000000	165.000000	57.544853	36.278831
3.000000	10.000000	180.000000	58.407272	36.655327
3.000000	10.000000	180.000000	59.738930	37.127026
3.000000	10.000000	180.000000	61.146053	36.780888
3.000000	10.000000	180.000000	61.987862	36.719501
3.000000	10.000000	180.000000	59.699589	37.047138
3.000000	10.000000	180.000000	59.999115	36.498299
3.000000	10.000000	180.000000	62.886608	34.843662
3.000000	10.000000	180.000000	59.468018	35.192955
3.000000	10.000000	180.000000	58.806526	36.366253
3.000000	10.000000	180.000000	57.556061	38.438858
3.000000	10.000000	180.000000	59.037018	34.363689
3.000000	10.000000	180.000000	57.449318	39.577324
3.000000	10.000000	180.000000	56.009693	39.736202
3.000000	10.000000	180.000000	58.074593	35.986191
3.000000	10.000000	180.000000	55.557899	39.608032
3.000000	10.000000	180.000000	58.904247	36.439869
3.000000	10.000000	180.000000	57.467731	37.758873
3.000000	10.000000	180.000000	59.883545	37.339882
3.000000	10.000000	180.000000	59.714108	37.356873
3.000000	10.000000	180.000000	57.156834	39.553253
3.000000	10.000000	180.000000	59.661175	36.505024
3.000000	10.000000	180.000000	60.262272	35.178440
3.000000	10.000000	180.000000	60.077381	36.443340
3.000000	10.000000	180.000000	58.492165	37.275822
3.000000	10.000000	180.000000	54.121780	42.129395
3.000000	10.000000	180.000000	56.692299	40.015858
3.000000	10.000000	180.000000	60.575867	35.999382
3.000000	10.000000	180.000000	56.115551	38.671795
3.000000	10.000000	180.000000	61.296421	31.755909
3.000000	10.000000	180.000000	55.815536	38.333885
3.000000	10.000000	180.000000	62.229645	34.891956
3.000000	10.000000	180.000000	59.130432	34.622604
3.000000	10.000000	180.000000	59.435902	36.396660
3.000000	10.000000	180.000000	57.726738	38.103333
3.000000	10.000000	180.000000	58.521755	37.306007
3.000000	10.000000	195.000000	58.400238	37.852787
3.000000	10.000000	195.000000	59.364563	36.574581
3.000000	10.000000	195.000000	59.502171	37.585812
3.000000	10.000000	195.000000	60.519325	36.673000
3.000000	10.000000	195.000000	60.352520	34.347717
3.000000	10.000000	195.000000	59.850895	36.846992
3.000000	10.000000	195.000000	61.969994	33.437527
3.000000	10.000000	195.000000	60.729763	34.135723
3.000000	10.000000	195.000000	58.389809	34.908916
3.000000	10.000000	195.000000	56.828098	38.972897
3.000000	10.000000	195.000000	57.937103	36.096855
3.000000	10.000000	195.000000	58.163086	37.913979
3.000000	10.000000	195.000000	56.907104	38.564400
3.000000	10.000000	195.000000	58.816910	36.437351
3.000000	10.000000	195.000000	54.855896	40.397182
3.000000	10.000000	195.000000	60.603867	36.091049
3.000000	10.000000	195.000000	58.602890	37.047180
3.000000	10.000000	195.000000	59.055748	37.165211
3.000000	10.000000	195.000000	59.951099	37.624214
3.000000	10.000000	195.000000	56.163658	40.264347
3.000000	10.000000	195.000000	58.669312	36.255825
3.000000	10.000000	195.000000	59.514088	35.421043
3.000000	10.000000	195.000000	59.499733	36.676712
3.000000	10.000000	195.000000	58.850494	36.489769
3.000000	10.000000	195.000000	54.391220	41.195831
3.000000	10.000000	195.000000	56.319710	39.985134
3.000000	10.000000	195.000000	58.920589	37.312424
3.000000	10.000000	195.000000	55.670681	38.817017
3.000000	10.000000	195.000000	63.565563	29.402603
3.000000	10.000000	195.000000	57.499321	37.944767
3.000000	10.000000	195.000000	62.056450	33.859497
3.000000	10.000000	195.000000	60.284397	36.028210
3.000000	10.000000	195.000000	62.407330	34.826756
3.000000	10.000000	195.000000	57.726009	37.640823
3.000000	10.000000	195.000000	57.544853	36.278831
3.000000	11.000000	165.000000	57.164124	37.741837
3.000000	11.000000	165.000000	56.993568	38.589565
3.000000	11.000000	165.000000	58.927578	37.785694
3.000000	11.000000	165.000000	57.424881	38.544460
3.000000	11.000000	165.000000	58.412949	33.236465
3.000000	11.000000	165.000000	59.370880	37.827763
3.000000	11.000000	165.000000	61.225170	34.214367
3.000000	11.000000	165.000000	58.691414	36.622974
3.000000	11.000000	165.000000	57.663486	37.131668
3.000000	11.000000	165.000000	56.319897	39.154289
3.000000	11.000000	165.000000	57.846821	36.974308
3.000000	11.000000	165.000000	58.275261	37.101601
3.000000	11.000000	165.000000	58.665215	37.314964
3.000000	11.000000	165.000000	59.532551	36.666351
3.000000	11.000000	165.000000	55.264244	40.835644
3.000000	11.000000	165.000000	59.611233	36.776218
3.000000	11.000000	165.000000	56.216286	40.083607
3.000000	11.000000	165.000000	57.248730	40.021244
3.000000	11.000000	165.000000	57.970383	36.940266
3.000000	11.000000	165.000000	56.104538	39.283043
3.000000	11.000000	165.000000	55.820396	39.385632
3.000000	11.000000	165.000000	59.412357	37.877861
3.000000	11.000000	165.000000	58.300728	39.029766
3.000000	11.000000	165.000000	56.257664	37.893658
3.000000	11.000000	165.000000	54.055698	41.201138
3.000000	11.000000	165.000000	56.436035	41.680302
3.000000	11.000000	165.000000	59.344879	36.744381
3.000000	11.000000	165.000000	54.566750	39.121696
3.000000	11.000000	165.000000	61.189018	32.961952
3.000000	11.000000	165.000000	59.578449	38.079651
3.000000	11.000000	165.000000	62.046513	30.918922
3.000000	11.000000	165.000000	59.258389	36.762691
3.000000	11.000000	165.000000	56.592823	37.181793
3.000000	11.000000	165.000000	56.090248	39.692932
3.000000	11.000000	165.000000	56.520771	39.820141
3.000000	11.000000	180.000000	56.485470	37.878792
3.000000	11.000000	180.000000	57.317169	37.895237
3.000000	11.000000	180.000000	58.595951	38.587433
3.000000	11.000000	180.000000	57.897278	38.866947
3.000000	11.000000	180.000000	58.663757	34.788582
3.000000	11.000000	180.000000	60.289230	38.608612
3.000000	11.000000	180.000000	61.463943	35.725922
3.000000	11.000000	180.000000	57.381668	38.051659
3.000000	11.000000	180.000000	57.030590	36.692101
3.000000	11.000000	180.000000	55.870045	39.087036
3.000000	11.000000	180.000000	57.326305	38.285221
3.000000	11.000000	180.000000	58.568707	36.837547
3.000000	11.000000	180.000000	57.417496	37.743774
3.000000	11.000000	180.000000	59.838085	36.950340
3.000000	11.000000	180.000000	55.801613	41.279724
3.000000	11.000000	180.000000	59.487072	37.839352
3.000000	11.000000	180.000000	56.904453	39.279953
3.000000	11.000000	180.000000	57.880280	39.949219
3.000000	11.000000	180.000000	57.982269	38.203892
3.000000	11.000000	180.000000	55.376762	40.149685
3.000000	11.000000	180.000000	57.073757	39.728588
3.000000	11.000000	180.000000	59.434872	38.165863
3.000000	11.000000	180.000000	58.093929	39.259918
3.000000	11.000000	180.000000	57.878399	38.652153
3.000000	11.000000	180.000000	53.713917	40.969017
3.000000	11.000000	180.000000	54.833061	41.085426
3.000000	11.000000	180.000000	58.277405	37.696644
3.000000	11.000000	180.000000	55.677517	39.300846
3.000000	11.000000	180.000000	60.135979	33.821442
3.000000	11.000000	180.000000	59.300621	38.971897
3.000000	11.000000	180.000000	60.619541	33.143570
3.000000	11.000000	180.000000	59.266911	37.192268
3.000000	11.000000	180.000000	56.989799	35.735668
3.000000	11.000000	180.000000	56.583416	39.046524
3.000000	11.000000	180.000000	57.603951	38.480469
3.000000	11.000000	195.000000	57.164124	37.741837
3.000000	11.000000	195.000000	56.993568	38.589565
3.000000	11.000000	195.000000	58.927578	37.785694
3.000000	11.000000	195.000000	57.424881	38.544460
3.000000	11.000000	195.000000	58.412949	33.236465
3.000000	11.000000	195.000000	59.370880	37.827763
3.000000	11.000000	195.000000	61.225170	34.214367
3.000000	11.000000	195.000000	58.691414	36.622974
3.000000	11.000000	195.000000	57.663486	37.131668
3.000000	11.000000	195.000000	56.319897	39.154289
3.000000	11.000000	195.000000	57.846821	36.974308
3.000000	11.000000	195.000000	58.275261	37.101601
3.000000	11.000000	195.000000	58.665215	37.314964
3.000000	11.000000	195.000000	59.532551	36.666351
3.000000	11.000000	195.000000	55.264244	40.835644
3.000000	11.000000	195.000000	59.611233	36.776218
3.000000	11.000000	195.000000	56.216286	40.083607
3.000000	11.000000	195.000000	57.248730	40.021244
3.000000	11.000000	195.000000	57.970383	36.940266
3.000000	11.000000	195.000000	56.104538	39.283043
3.000000	11.000000	195.000000	55.820396	39.385632
3.000000	11.000000	195.000000	59.412357	37.877861
3.000000	11.000000	195.000000	58.300728	39.029766
3.000000	11.000000	195.000000	56.257664	37.893658
3.000000	11.000000	195.000000	54.055698	41.201138
3.000000	11.000000	195.000000	56.436035	41.680302
3.000000	11.000000	195.000000	59.344879	36.744381
3.000000	11.000000	195.000000	54.566750	39.121696
3.000000	11.000000	195.000000	61.189018	32.961952
3.000000	11.000000	195.000000	59.578449	38.079651
3.000000	11.000000	195.000000	62.046513	30.918922
3.000000	11.000000	195.000000	59.258389	36.762691
3.000000	11.000000	195.000000	56.592823	37.181793
3.000000	11.000000	195.000000	56.090248	39.692932
3.000000	11.000000	195.000000	56.520771	39.820141
3.000000	12.000000	165.000000	55.818722	39.166687
3.000000	12.000000	165.000000	56.792751	39.695236
3.000000	12.000000	165.000000	56.097519	39.408073
3.000000	12.000000	165.000000	55.759453	38.989422
3.000000	12.000000	165.000000	57.867519	34.302818
3.000000	12.000000	165.000000	56.063492	39.065117
3.000000	12.000000	165.000000	60.106571	35.402336
3.000000	12.000000	165.000000	58.884762	37.877972
3.000000	12.000000	165.000000	56.221149	37.467339
3.000000	12.000000	165.000000	56.359966	39.932114
3.000000	12.000000	165.000000	57.930695	36.724339
3.000000	12.000000	165.000000	57.910542	36.751873
3.000000	12.000000	165.000000	59.428696	36.309757
3.000000	12.000000	165.000000	58.279510	38.212322
3.000000	12.000000	165.000000	55.595436	40.579029
3.000000	12.000000	165.000000	56.808739	38.087910
3.000000	12.000000	165.000000	54.094528	41.721394
3.000000	12.000000	165.000000	56.154346	39.720371
3.000000	12.000000	165.000000	58.969833	36.935020
3.000000	12.000000	165.000000	55.744480	38.183037
3.000000	12.000000	165.000000	56.240688	37.746330
3.000000	12.000000	165.000000	57.033890	38.082542
3.000000	12.000000	165.000000	58.303139	38.178436
3.000000	12.000000	165.000000	55.250042	37.291275
3.000000	12.000000	165.000000	54.471966	41.449493
3.000000	12.000000	165.000000	54.306133	41.719963
3.000000	12.000000	165.000000	58.576412	36.608288
3.000000	12.000000	165.000000	54.819489	41.233624
3.000000	12.000000	165.000000	59.879856	32.808460
3.000000	12.000000	165.000000	59.644169	37.650345
3.000000	12.000000	165.000000	57.673126	38.477940
3.000000	12.000000	165.000000	58.540607	36.704372
3.000000	12.000000	165.000000	56.730682	38.132771
3.000000	12.000000	165.000000	55.119305	38.995113
3.000000	12.000000	165.000000	55.616718	40.779541
3.000000	12.000000	180.000000	55.878159	39.614624
3.000000	12.000000	180.000000	56.777824	40.164715
3.000000	12.000000	180.000000	56.004299	39.028736
3.000000	12.000000	180.000000	56.428196	39.021564
3.000000	12.000000	180.000000	57.251396	36.613075
3.000000	12.000000	180.000000	56.243301	39.342697
3.000000	12.000000	180.000000	59.589642	36.348938
3.000000	12.000000	180.000000	58.737648	37.727547
3.000000	12.000000	180.000000	56.569439	38.058887
3.000000	12.000000	180.000000	56.015957	40.062279
3.000000	12.000000	180.000000	58.160515	36.954323
3.000000	12.000000	180.000000	57.681000	38.246593
3.000000	12.000000	180.000000	58.466137	37.543781
3.000000	12.000000	180.000000	57.898499	38.666061
3.000000	12.000000	180.000000	54.854107	40.784416
3.000000	12.000000	180.000000	56.886913	38.589340
3.000000	12.000000	180.000000	53.878998	41.975414
3.000000	12.000000	180.000000	56.350624	39.771282
3.000000	12.000000	180.000000	57.522011	38.000092
3.000000	12.000000	180.000000	54.568504	39.878963
3.000000	12.000000	180.000000	55.250004	39.867958
3.000000	12.000000	180.000000	57.455624	38.862843
3.000000	12.000000	180.000000	57.802128	39.393902
3.000000	12.000000	180.000000	55.074348	38.691563
3.000000	12.000000	180.000000	54.739113	41.346832
3.000000	12.000000	180.000000	54.017990	41.847996
3.000000	12.000000	180.000000	59.333950	36.930485
3.000000	12.000000	180.000000	54.266933	41.318680
3.000000	12.000000	180.000000	58.569492	34.001663
3.000000	12.000000	180.000000	59.349339	38.625710
3.000000	12.000000	180.000000	57.617344	39.499096
3.000000	12.000000	180.000000	58.155182	37.471306
3.000000	12.000000	180.000000	55.539883	39.107479
3.000000	12.000000	180.000000	54.873665	40.114662
3.000000	12.000000	180.000000	55.060509	40.481846
3.000000	12.000000	195.000000	55.818722	39.166687
3.000000	12.000000	195.000000	56.792751	39.695236
3.000000	12.000000	195.000000	56.097519	39.408073
3.000000	12.000000	195.000000	55.759453	38.989422
3.000000	12.000000	195.000000	57.867519	34.302818
3.000000	12.000000	195.000000	56.063492	39.065117
3.000000	12.000000	195.000000	60.106571	35.402336
3.000000	12.000000	195.000000	58.884762	37.877972
3.000000	12.000000	195.000000	56.221149	37.467339
3.000000	12.000000	195.000000	56.359966	39.932114
3.000000	12.000000	195.000000	57.930695	36.724339
3.000000	12.000000	195.000000	57.910542	36.751873
3.000000	12.000000	195.000000	59.428696	36.309757
3.000000	12.000000	195.000000	58.279510	38.212322
3.000000	12.000000	195.000000	55.595436	40.579029
3.000000	12.000000	195.000000	56.808739	38.087910
3.000000	12.000000	195.000000	54.094528	41.721394
3.000000	12.000000	195.000000	56.154346	39.720371
3.000000	12.000000	195.000000	58.969833	36.935020
3.000000	12.000000	195.000000	55.744480	38.183037
3.000000	12.000000	195.000000	56.240688	37.746330
3.000000	12.000000	195.000000	57.033890	38.082542
3.000000	12.000000	195.000000	58.303139	38.178436
3.000000	12.000000	195.000000	55.250042	37.291275
3.000000	12.000000	195.000000	54.471966	41.449493
3.000000	12.000000	195.000000	54.306133	41.719963
3.000000	12.000000	195.000000	58.576412	36.608288
3.000000	12.000000	195.000000	54.819489	41.233624
3.000000	12.000000	195.000000	59.879856	32.808460
3.000000	12.000000	195.000000	59.644169	37.650345
3.000000	12.000000	195.000000	57.673126	38.477940
3.000000	12.000000	195.000000	58.540607	36.704372
3.000000	12.000000	195.000000	56.730682	38.132771
3.000000	12.000000	195.000000	55.119305	38.995113
3.000000	12.000000	195.000000	55.616718	40.779541
3.000000	14.000000	165.000000	54.184143	41.618374
3.000000	14.000000	165.000000	55.571560	41.344944
3.000000	14.000000	165.000000	54.646580	40.752911
3.000000	14.000000	165.000000	53.738674	40.248341
3.000000	14.000000	165.000000	53.646049	41.332043
3.000000	14.000000	165.000000	55.870224	40.630981
3.000000	14.000000	165.000000	54.571144	40.802490
3.000000	14.000000	165.000000	55.404762	38.803589
3.000000	14.000000	165.000000	54.166122	40.315678
3.000000	14.000000	165.000000	54.745644	40.812874
3.000000	14.000000	165.000000	55.779041	39.502609
3.000000	14.000000	165.000000	54.604126	39.829792
3.000000	14.000000	165.000000	57.318211	39.708775
3.000000	14.000000	165.000000	58.039883	38.110729
3.000000	14.000000	165.000000	53.700607	41.698162
3.000000	14.000000	165.000000	55.376980	41.136784
3.000000	14.000000	165.000000	53.779308	40.999985
3.000000	14.000000	165.000000	55.712822	39.136990
3.000000	14.000000	165.000000	53.160549	41.220737
3.000000	14.000000	165.000000	55.288181	41.299107
3.000000	14.000000	165.000000	57.415794	37.549122
3.000000	14.000000	165.000000	55.364983	39.267769
3.000000	14.000000	165.000000	55.594257	39.675213
3.000000	14.000000	165.000000	53.303032	42.687420
3.000000	14.000000	165.000000	53.156319	41.065273
3.000000	14.000000	165.000000	54.028999	40.972866
3.000000	14.000000	165.000000	56.434166	39.196583
3.000000	14.000000	165.000000	53.572273	42.347336
3.000000	14.000000	165.000000	56.275532	39.666355
3.000000	14.000000	165.000000	55.337872	40.911350
3.000000	14.000000	165.000000	54.471043	40.975445
3.000000	14.000000	165.000000	56.248367	39.509388
3.000000	14.000000	165.000000	56.481930	38.326283
3.000000	14.000000	165.000000	55.368824	39.188248
3.000000	14.000000	165.000000	54.278202	40.853260
3.000000	14.000000	180.000000	53.777534	41.886803
3.000000	14.000000	180.000000	55.068497	41.275406
3.000000	14.000000	180.000000	55.670826	40.563656
3.000000	14.000000	180.000000	54.116997	40.150352
3.000000	14.000000	180.000000	53.449108	41.295219
3.000000	14.000000	180.000000	56.410877	40.820457
3.000000	14.000000	180.000000	54.546158	40.978672
3.000000	14.000000	180.000000	54.757133	39.867512
3.000000	14.000000	180.000000	54.341873	40.262547
3.000000	14.000000	180.000000	54.961666	41.215416
3.000000	14.000000	180.000000	55.610931	39.130104
3.000000	14.000000	180.000000	54.582436	39.282581
3.000000	14.000000	180.000000	57.150223	40.333019
3.000000	14.000000	180.000000	57.348572	38.512623
3.000000	14.000000	180.000000	54.022587	41.946125
3.000000	14.000000	180.000000	53.939480	41.956306
3.000000	14.000000	180.000000	54.480679	41.389202
3.000000	14.000000	180.000000	54.954292	39.770054
3.000000	14.000000	180.000000	53.843262	40.921276
3.000000	14.000000	180.000000	55.494568	40.477028
3.000000	14.000000	180.000000	58.348148	37.995037
3.000000	14.000000	180.000000	55.688354	39.635242
3.000000	14.000000	180.000000	54.929092	39.585155
3.000000	14.000000	180.000000	53.960480	42.565056
3.000000	14.000000	180.000000	52.847599	41.926067
3.000000	14.000000	180.000000	53.951931	41.124073
3.000000	14.000000	180.000000	55.859673	39.250725
3.000000	14.000000	180.000000	53.216732	42.553825
3.000000	14.000000	180.000000	55.887844	38.999023
3.000000	14.000000	180.000000	55.464870	41.597961
3.000000	14.000000	180.000000	54.301720	39.983551
3.000000	14.000000	180.000000	56.274689	39.698299
3.000000	14.000000	180.000000	57.091713	37.406048
3.000000	14.000000	180.000000	54.767323	40.334179
3.000000	14.000000	180.000000	53.696060	40.969021
3.000000	14.000000	195.000000	54.184143	41.618374
3.000000	14.000000	195.000000	55.571560	41.344944
3.000000	14.000000	195.000000	54.646580	40.752911
3.000000	14.000000	195.000000	53.738674	40.248341
3.000000	14.000000	195.000000	53.646049	41.332043
3.000000	14.000000	195.000000	55.870224	40.630981
3.000000	14.000000	195.000000	54.571144	40.802490
3.000000	14.000000	195.000000	55.404762	38.803589
3.000000	14.000000	195.000000	54.166122	40.315678
3.000000	14.000000	195.000000	54.745644	40.812874
3.000000	14.000000	195.000000	55.779041	39.502609
3.000000	14.000000	195.000000	54.604126	39.829792
3.000000	14.000000	195.000000	57.318211	39.708775
3.000000	14.000000	195.000000	58.039883	38.110729
3.000000	14.000000	195.000000	53.700607	41.698162
3.000000	14.000000	195.000000	55.376980	41.136784
3.000000	14.000000	195.000000	53.779308	40.999985
3.000000	14.000000	195.000000	55.712822	39.136990
3.000000	14.000000	195.000000	53.160549	41.220737
3.000000	14.000000	195.000000	55.288181	41.299107
3.000000	14.000000	195.000000	57.415794	37.549122
3.000000	14.000000	195.000000	55.364983	39.267769
3.000000	14.000000	195.000000	55.594257	39.675213
3.000000	14.000000	195.000000	53.303032	42.687420
3.000000	14.000000	195.000000	53.156319	41.065273
3.000000	14.000000	195.000000	54.028999	40.972866
3.000000	14.000000	195.000000	56.434166	39.196583
3.000000	14.000000	195.000000	53.572273	42.347336
3.000000	14.000000	195.000000	56.275532	39.666355
3.000000	14.000000	195.000000	55.337872	40.911350
3.000000	14.000000	195.000000	54.471043	40.975445
3.000000	14.000000	195.000000	56.248367	39.509388
3.000000	14.000000	195.000000	56.481930	38.326283
3.000000	14.000000	195.000000	55.368824	39.188248
3.000000	14.000000	195.000000	54.278202	40.853260
3.500000	7.000000	165.000000	59.483692	36.085403
3.500000	7.000000	165.000000	63.918964	29.526714
3.500000	7.000000	165.000000	63.055595	33.501724
3.500000	7.000000	165.000000	61.267906	32.899570
3.500000	7.000000	165.000000	62.960957	30.504759
3.500000	7.000000	165.000000	59.265343	37.230713
3.500000	7.000000	165.000000	63.378620	30.148668
3.500000	7.000000	165.000000	63.701374	33.908180
3.500000	7.000000	165.000000	59.212391	33.503437
3.500000	7.000000	165.000000	59.032417	37.404068
3.500000	7.000000	165.000000	62.171745	33.341118
3.500000	7.000000	165.000000	58.251625	37.222397
3.500000	7.000000	165.000000	58.898621	35.019432
3.500000	7.000000	165.000000	58.600082	31.978106
3.500000	7.000000	165.000000	56.436543	37.965260
3.500000	7.000000	165.000000	62.141945	34.862053
3.500000	7.000000	165.000000	56.771969	39.198109
3.500000	7.000000	165.000000	59.962601	34.780682
3.500000	7.000000	165.000000	58.760380	35.172771
3.500000	7.000000	165.000000	59.224678	36.939663
3.500000	7.000000	165.000000	61.256908	31.471447
3.500000	7.000000	165.000000	62.412483	31.259441
3.500000	7.000000	165.000000	61.628304	32.489197
3.500000	7.000000	165.000000	60.199066	34.652695
3.500000	7.000000	165.000000	59.207718	34.287354
3.500000	7.000000	165.000000	62.131641	30.470514
3.500000	7.000000	165.000000	59.290745	35.879745
3.500000	7.000000	165.000000	62.953438	32.130795
3.500000	7.000000	165.000000	60.918449	33.137714
3.500000	7.000000	165.000000	63.334213	30.435764
3.500000	7.000000	165.000000	63.532997	28.868298
3.500000	7.000000	165.000000	61.398979	32.866364
3.500000	7.000000	165.000000	60.912132	34.682800
3.500000	7.000000	165.000000	60.611282	33.805447
3.500000	7.000000	165.000000	60.661205	35.836575
3.500000	7.000000	180.000000	60.521488	36.496304
3.500000	7.000000	180.000000	62.443825	31.810719
3.500000	7.000000	180.000000	62.980843	35.287666
3.500000	7.000000	180.000000	59.841225	33.945713
3.500000	7.000000	180.000000	61.060226	33.667416
3.500000	7.000000	180.000000	56.947582	37.831680
3.500000	7.000000	180.000000	59.931301	33.465828
3.500000	7.000000	180.000000	63.765945	31.545010
3.500000	7.000000	180.000000	59.744648	35.898659
3.500000	7.000000	180.000000	57.641613	37.502129
3.500000	7.000000	180.000000	59.443722	36.050854
3.500000	7.000000	180.000000	59.167439	37.183083
3.500000	7.000000	180.000000	62.543266	33.459507
3.500000	7.000000	180.000000	60.074341	35.485386
3.500000	7.000000	180.000000	56.712399	35.799419
3.500000	7.000000	180.000000	60.755924	35.994911
3.500000	7.000000	180.000000	55.725250	38.954651
3.500000	7.000000	180.000000	60.324318	36.070728
3.500000	7.000000	180.000000	57.278564	37.750992
3.500000	7.000000	180.000000	60.103432	36.396927
3.500000	7.000000	180.000000	60.604504	32.305443
3.500000	7.000000	180.000000	58.485439	34.761116
3.500000	7.000000	180.000000	61.102699	33.819363
3.500000	7.000000	180.000000	57.621792	35.649876
3.500000	7.000000	180.000000	58.887035	35.185856
3.500000	7.000000	180.000000	61.005970	34.937790
3.500000	7.000000	180.000000	59.749531	36.701492
3.500000	7.000000	180.000000	63.661037	31.852976
3.500000	7.000000	180.000000	62.583733	33.901520
3.500000	7.000000	180.000000	60.937462	34.153931
3.500000	7.000000	180.000000	62.749840	33.295341
3.500000	7.000000	180.000000	61.348789	32.699436
3.500000	7.000000	180.000000	61.390545	34.995949
3.500000	7.000000	180.000000	58.571106	34.757118
3.500000	7.000000	180.000000	58.808064	34.796326
3.500000	7.000000	195.000000	59.483692	36.085403
3.500000	7.000000	195.000000	63.918964	29.526714
3.500000	7.000000	195.000000	63.055595	33.501724
3.500000	7.000000	195.000000	61.267906	32.899570
3.500000	7.000000	195.000000	62.960957	30.504759
3.500000	7.000000	195.000000	59.265343	37.230713
3.500000	7.000000	195.000000	63.378620	30.148668
3.500000	7.000000	195.000000	63.701374	33.908180
3.500000	7.000000	195.000000	59.212391	33.503437
3.500000	7.000000	195.000000	59.032417	37.404068
3.500000	7.000000	195.000000	62.171745	33.341118
3.500000	7.000000	195.000000	58.251625	37.222397
3.500000	7.000000	195.000000	58.898621	35.019432
3.500000	7.000000	195.000000	58.600082	31.978106
3.500000	7.000000	195.000000	56.436543	37.965260
3.500000	7.000000	195.000000	62.141945	34.862053
3.500000	7.000000	195.000000	56.771969	39.198109
3.500000	7.000000	195.000000	59.962601	34.780682
3.500000	7.000000	195.000000	58.760380	35.172771
3.500000	7.000000	195.000000	59.224678	36.939663
3.500000	7.000000	195.000000	61.256908	31.471447
3.500000	7.000000	195.000000	62.412483	31.259441
3.500000	7.000000	195.000000	61.628304	32.489197
3.500000	7.000000	195.000000	60.199066	34.652695
3.500000	7.000000	195.000000	59.207718	34.287354
3.500000	7.000000	195.000000	62.131641	30.470514
3.500000	7.000000	195.000000	59.290745	35.879745
3.500000	7.000000	195.000000	62.953438	32.130795
3.500000	7.000000	195.000000	60.918449	33.137714
3.500000	7.000000	195.000000	63.334213	30.435764
3.500000	7.000000	195.000000	63.532997	28.868298
3.500000	7.000000	195.000000	61.398979	32.866364
3.500000	7.000000	195.000000	60.912132	34.682800
3.500000	7.000000	195.000000	60.611282	33.805447
3.500000	7.000000	195.000000	60.661205	35.836575
3.500000	8.000000	165.000000	64.925606	29.572302
3.500000	8.000000	165.000000	62.342884	32.704105
3.500000	8.000000	165.000000	62.852108	33.056248
3.500000	8.000000	165.000000	60.258980	37.406658
3.500000	8.000000	165.000000	61.546799	34.323490
3.500000	8.000000	165.000000	62.204281	30.324898
3.500000	8.000000	165.000000	66.436760	31.084236
3.500000	8.000000	165.000000	60.980686	32.784344
3.500000	8.000000	165.000000	72.488144	27.335238
3.500000	8.000000	165.000000	60.215649	33.626041
3.500000	8.000000	165.000000	61.439869	31.838760
3.500000	8.000000	165.000000	59.058392	35.467388
3.500000	8.000000	165.000000	60.498154	34.613594
3.500000	8.000000	165.000000	62.108841	32.974380
3.500000	8.000000	165.000000	59.696247	34.900864
3.500000	8.000000	165.000000	61.827312	32.517082
3.500000	8.000000	165.000000	61.174248	31.576488
3.500000	8.000000	165.000000	65.403320	30.965025
3.500000	8.000000	165.000000	60.579411	34.084122
3.500000	8.000000	165.000000	59.622375	33.362858
3.500000	8.000000	165.000000	61.163006	34.665543
3.500000	8.000000	165.000000	67.296005	27.507914
3.500000	8.000000	165.000000	61.481808	33.832115
3.500000	8.000000	165.000000	62.092415	33.660488
3.500000	8.000000	165.000000	58.967552	35.221596
3.500000	8.000000	165.000000	64.726471	32.199749
3.500000	8.000000	165.000000	65.804329	32.215252
3.500000	8.000000	165.000000	63.648678	31.062323
3.500000	8.000000	165.000000	64.315361	29.837301
3.500000	8.000000	165.000000	64.562393	30.278090
3.500000	8.000000	165.000000	65.117981	28.179712
3.500000	8.000000	165.000000	63.642654	33.119648
3.500000	8.000000	165.000000	64.687325	30.122246
3.500000	8.000000	165.000000	63.971806	31.624859
3.500000	8.000000	165.000000	58.559776	36.488777
3.500000	8.000000	180.000000	64.360687	32.690361
3.500000	8.000000	180.000000	61.905521	31.807596
3.500000	8.000000	180.000000	63.172256	31.795643
3.500000	8.000000	180.000000	58.968197	36.082409
3.500000	8.000000	180.000000	62.244625	33.124554
3.500000	8.000000	180.000000	63.130310	31.897129
3.500000	8.000000	180.000000	67.929680	29.781460
3.500000	8.000000	180.000000	60.904041	34.450722
3.500000	8.000000	180.000000	64.472183	31.702293
3.500000	8.000000	180.000000	59.984863	33.465374
3.500000	8.000000	180.000000	62.055328	32.008091
3.500000	8.000000	180.000000	59.562527	35.472141
3.500000	8.000000	180.000000	61.961910	35.317371
3.500000	8.000000	180.000000	61.735462	34.273312
3.500000	8.000000	180.000000	58.355556	35.432590
3.500000	8.000000	180.000000	61.713043	30.206333
3.500000	8.000000	180.000000	60.105255	35.465115
3.500000	8.000000	180.000000	64.792381	30.826731
3.500000	8.000000	180.000000	57.618256	36.322495
3.500000	8.000000	180.000000	60.465431	33.699913
3.500000	8.000000	180.000000	60.020954	32.705402
3.500000	8.000000	180.000000	62.457695	32.446690
3.500000	8.000000	180.000000	60.922512	34.254829
3.500000	8.000000	180.000000	60.490055	32.941097
3.500000	8.000000	180.000000	59.895401	37.541481
3.500000	8.000000	180.000000	62.748928	33.730511
3.500000	8.000000	180.000000	65.152069	32.557735
3.500000	8.000000	180.000000	62.035980	31.215660
3.500000	8.000000	180.000000	62.698242	32.056778
3.500000	8.000000	180.000000	63.189091	29.888731
3.500000	8.000000	180.000000	65.527740	28.861040
3.500000	8.000000	180.000000	63.638016	33.697914
3.500000	8.000000	180.000000	66.046539	30.501720
3.500000	8.000000	180.000000	61.426521	34.000423
3.500000	8.000000	180.000000	57.975773	35.958542
3.500000	8.000000	195.000000	64.925606	29.572302
3.500000	8.000000	195.000000	62.342884	32.704105
3.500000	8.000000	195.000000	62.852108	33.056248
3.500000	8.000000	195.000000	60.258980	37.406658
3.500000	8.000000	195.000000	61.546799	34.323490
3.500000	8.000000	195.000000	62.204281	30.324898
3.500000	8.000000	195.000000	66.436760	31.084236
3.500000	8.000000	195.000000	60.980686	32.784344
3.500000	8.000000	195.000000	72.488144	27.335238
3.500000	8.000000	195.000000	60.215649	33.626041
3.500000	8.000000	195.000000	61.439869	31.838760
3.500000	8.000000	195.000000	59.058392	35.467388
3.500000	8.000000	195.000000	60.498154	34.613594
3.500000	8.000000	195.000000	62.108841	32.974380
3.500000	8.000000	195.000000	59.696247	34.900864
3.500000	8.000000	195.000000	61.827312	32.517082
3.500000	8.000000	195.000000	61.174248	31.576488
3.500000	8.000000	195.000000	65.403320	30.965025
3.500000	8.000000	195.000000	60.579411	34.084122
3.500000	8.000000	195.000000	59.622375	33.362858
3.500000	8.000000	195.000000	61.163006	34.665543
3.500000	8.000000	195.000000	67.296005	27.507914
3.500000	8.000000	195.000000	61.481808	33.832115
3.500000	8.000000	195.000000	62.092415	33.660488
3.500000	8.000000	195.000000	58.967552	35.221596
3.500000	8.000000	195.000000	64.726471	32.199749
3.500000	8.000000	195.000000	65.804329	32.215252
3.500000	8.000000	195.000000	63.648678	31.062323
3.500000	8.000000	195.000000	64.315361	29.837301
3.500000	8.000000	195.000000	64.562393	30.278090
3.500000	8.000000	195.000000	65.117981	28.179712
3.500000	8.000000	195.000000	63.642654	33.119648
3.500000	8.000000	195.000000	64.687325	30.122246
3.500000	8.000000	195.000000	63.971806	31.624859
3.500000	8.000000	195.000000	58.559776	36.488777
3.500000	10.000000	165.000000	61.214005	35.827999
3.500000	10.000000	165.000000	62.090698	34.361092
3.500000	10.000000	165.000000	62.072933	35.383728
3.500000	10.000000	165.000000	63.093666	34.379597
3.500000	10.000000	165.000000	62.738152	31.654430
3.500000	10.000000	165.000000	62.168697	34.375484
3.500000	10.000000	165.000000	65.111580	30.691027
3.500000	10.000000	165.000000	63.777557	31.549349
3.500000	10.000000	165.000000	60.503635	32.529671
3.500000	10.000000	165.000000	58.018215	37.238789
3.500000	10.000000	165.000000	60.195175	33.143147
3.500000	10.000000	165.000000	60.387203	36.187359
3.500000	10.000000	165.000000	58.708828	36.580196
3.500000	10.000000	165.000000	61.688206	33.895275
3.500000	10.000000	165.000000	56.278824	39.121117
3.500000	10.000000	165.000000	62.948849	34.118450
3.500000	10.000000	165.000000	61.130711	34.984241
3.500000	10.000000	165.000000	61.484093	34.893982
3.500000	10.000000	165.000000	61.989166	35.453194
3.500000	10.000000	165.000000	58.218384	39.148964
3.500000	10.000000	165.000000	60.983788	33.845882
3.500000	10.000000	165.000000	61.877697	32.864010
3.500000	10.000000	165.000000	61.840828	34.532181
3.500000	10.000000	165.000000	60.803528	33.962421
3.500000	10.000000	165.000000	55.892704	39.984669
3.500000	10.000000	165.000000	58.296635	38.421684
3.500000	10.000000	165.000000	61.746235	34.696384
3.500000	10.000000	165.000000	57.628498	37.155827
3.500000	10.000000	165.000000	66.741371	26.482409
3.500000	10.000000	165.000000	59.417381	35.928127
3.500000	10.000000	165.000000	65.204727	30.380945
3.500000	10.000000	165.000000	62.859318	33.640869
3.500000	10.000000	165.000000	65.999344	32.303650
3.500000	10.000000	165.000000	59.666195	35.459755
3.500000	10.000000	165.000000	59.246117	33.974483
3.500000	10.000000	180.000000	60.869381	34.116676
3.500000	10.000000	180.000000	62.136551	35.337921
3.500000	10.000000	180.000000	63.989830	34.551018
3.500000	10.000000	180.000000	64.228996	34.906227
3.500000	10.000000	180.000000	64.128128	34.589657
3.500000	10.000000	180.000000	62.189137	33.827431
3.500000	10.000000	180.000000	65.141876	31.994881
3.500000	10.000000	180.000000	62.238132	32.847069
3.500000	10.000000	180.000000	60.954155	33.830723
3.500000	10.000000	180.000000	59.042145	36.963428
3.500000	10.000000	180.000000	62.303459	31.464916
3.500000	10.000000	180.000000	58.944225	38.250267
3.500000	10.000000	180.000000	58.067581	38.028011
3.500000	10.000000	180.000000	60.663033	32.590172
3.500000	10.000000	180.000000	57.119595	38.235382
3.500000	10.000000	180.000000	61.295723	34.006027
3.500000	10.000000	180.000000	59.931751	35.307323
3.500000	10.000000	180.000000	62.521439	35.099758
3.500000	10.000000	180.000000	62.683617	35.377167
3.500000	10.000000	180.000000	59.056065	38.602081
3.500000	10.000000	180.000000	62.433804	34.081139
3.500000	10.000000	180.000000	62.687958	33.167519
3.500000	10.000000	180.000000	62.334118	34.401211
3.500000	10.000000	180.000000	60.723057	34.938938
3.500000	10.000000	180.000000	55.613693	40.938297
3.500000	10.000000	180.000000	58.800053	38.499126
3.500000	10.000000	180.000000	63.835697	33.698952
3.500000	10.000000	180.000000	58.199814	36.623745
3.500000	10.000000	180.000000	64.419838	28.815880
3.500000	10.000000	180.000000	57.822186	36.699383
3.500000	10.000000	180.000000	65.290009	32.258579
3.500000	10.000000	180.000000	61.065552	32.214382
3.500000	10.000000	180.000000	62.291481	34.135357
3.500000	10.000000	180.000000	59.679089	36.166386
3.500000	10.000000	180.000000	60.944553	35.052433
3.500000	10.000000	195.000000	61.214005	35.827999
3.500000	10.000000	195.000000	62.090698	34.361092
3.500000	10.000000	195.000000	62.072933	35.383728
3.500000	10.000000	195.000000	63.093666	34.379597
3.500000	10.000000	195.000000	62.738152	31.654430
3.500000	10.000000	195.000000	62.168697	34.375484
3.500000	10.000000	195.000000	65.111580	30.691027
3.500000	10.000000	195.000000	63.777557	31.549349
3.500000	10.000000	195.000000	60.503635	32.529671
3.500000	10.000000	195.000000	58.018215	37.238789
3.500000	10.000000	195.000000	60.195175	33.143147
3.500000	10.000000	195.000000	60.387203	36.187359
3.500000	10.000000	195.000000	58.708828	36.580196
3.500000	10.000000	195.000000	61.688206	33.895275
3.500000	10.000000	195.000000	56.278824	39.121117
3.500000	10.000000	195.000000	62.948849	34.118450
3.500000	10.000000	195.000000	61.130711	34.984241
3.500000	10.000000	195.000000	61.484093	34.893982
3.500000	10.000000	195.000000	61.989166	35.453194
3.500000	10.000000	195.000000	58.218384	39.148964
3.500000	10.000000	195.000000	60.983788	33.845882
3.500000	10.000000	195.000000	61.877697	32.864010
3.500000	10.000000	195.000000	61.840828	34.532181
3.500000	10.000000	195.000000	60.803528	33.962421
3.500000	10.000000	195.000000	55.892704	39.984669
3.500000	10.000000	195.000000	58.296635	38.421684
3.500000	10.000000	195.000000	61.746235	34.696384
3.500000	10.000000	195.000000	57.628498	37.155827
3.500000	10.000000	195.000000	66.741371	26.482409
3.500000	10.000000	195.000000	59.417381	35.928127
3.500000	10.000000	195.000000	65.204727	30.380945
3.500000	10.000000	195.000000	62.859318	33.640869
3.500000	10.000000	195.000000	65.999344	32.303650
3.500000	10.000000	195.000000	59.666195	35.459755
3.500000	10.000000	195.000000	59.246117	33.974483
3.500000	11.000000	165.000000	59.510235	35.797253
3.500000	11.000000	165.000000	58.698780	37.013195
3.500000	11.000000	165.000000	61.416653	35.540504
3.500000	11.000000	165.000000	59.897629	36.502316
3.500000	11.000000	165.000000	61.022167	29.772451
3.500000	11.000000	165.000000	61.521091	35.654266
3.500000	11.000000	165.000000	64.128883	30.859573
3.500000	11.000000	165.000000	60.999977	34.203285
3.500000	11.000000	165.000000	59.658756	35.275547
3.500000	11.000000	165.000000	57.941772	37.615791
3.500000	11.000000	165.000000	60.146042	34.575554
3.500000	11.000000	165.000000	60.661198	34.986423
3.500000	11.000000	165.000000	60.997860	35.079525
3.500000	11.000000	165.000000	62.159012	34.583099
3.500000	11.000000	165.000000	56.842789	39.769871
3.500000	11.000000	165.000000	61.835831	34.087337
3.500000	11.000000	165.000000	58.507828	38.593857
3.500000	11.000000	165.000000	59.374844	38.410271
3.500000	11.000000	165.000000	60.053802	35.015732
3.500000	11.000000	165.000000	57.874844	37.839191
3.500000	11.000000	165.000000	57.393600	37.668621
3.500000	11.000000	165.000000	62.203884	36.048939
3.500000	11.000000	165.000000	60.301796	37.450947
3.500000	11.000000	165.000000	58.237015	35.947048
3.500000	11.000000	165.000000	55.138508	40.016029
3.500000	11.000000	165.000000	57.912174	40.107765
3.500000	11.000000	165.000000	61.858772	34.321194
3.500000	11.000000	165.000000	55.735332	37.540066
3.500000	11.000000	165.000000	63.054638	29.760206
3.500000	11.000000	165.000000	62.093143	36.136696
3.500000	11.000000	165.000000	64.979088	27.506441
3.500000	11.000000	165.000000	61.271915	34.405296
3.500000	11.000000	165.000000	58.431450	34.959179
3.500000	11.000000	165.000000	57.841236	38.208191
3.500000	11.000000	165.000000	58.532242	38.098751
3.500000	11.000000	180.000000	58.000648	35.995949
3.500000	11.000000	180.000000	59.042976	35.892277
3.500000	11.000000	180.000000	60.799519	36.679180
3.500000	11.000000	180.000000	60.276127	37.148785
3.500000	11.000000	180.000000	61.039173	31.554523
3.500000	11.000000	180.000000	62.876030	37.198833
3.500000	11.000000	180.000000	63.721958	32.920177
3.500000	11.000000	180.000000	59.094124	36.052399
3.500000	11.000000	180.000000	58.415890	34.692154
3.500000	11.000000	180.000000	57.152119	37.289654
3.500000	11.000000	180.000000	59.329304	36.529671
3.500000	11.000000	180.000000	60.787628	34.592869
3.500000	11.000000	180.000000	59.178616	35.793987
3.500000	11.000000	180.000000	62.336502	34.880726
3.500000	11.000000	180.000000	56.940842	40.093697
3.500000	11.000000	180.000000	61.821648	35.929295
3.500000	11.000000	180.000000	59.390228	37.400269
3.500000	11.000000	180.000000	60.175014	38.404118
3.500000	11.000000	180.000000	59.585152	36.494068
3.500000	11.000000	180.000000	56.522968	38.590370
3.500000	11.000000	180.000000	59.238152	38.106678
3.500000	11.000000	180.000000	62.043205	35.616405
3.500000	11.000000	180.000000	60.033443	37.367496
3.500000	11.000000	180.000000	60.411732	36.668346
3.500000	11.000000	180.000000	54.715351	39.855240
3.500000	11.000000	180.000000	56.131340	39.858456
3.500000	11.000000	180.000000	60.515190	35.784328
3.500000	11.000000	180.000000	56.764381	37.552959
3.500000	11.000000	180.000000	63.009827	31.293966
3.500000	11.000000	180.000000	61.694965	37.213379
3.500000	11.000000	180.000000	63.246941	29.840267
3.500000	11.000000	180.000000	61.558929	35.316422
3.500000	11.000000	180.000000	58.896481	32.163589
3.500000	11.000000	180.000000	58.553284	37.390614
3.500000	11.000000	180.000000	59.678589	36.870144
3.500000	11.000000	195.000000	59.510235	35.797253
3.500000	11.000000	195.000000	58.698780	37.013195
3.500000	11.000000	195.000000	61.416653	35.540504
3.500000	11.000000	195.000000	59.897629	36.502316
3.500000	11.000000	195.000000	61.022167	29.772451
3.500000	11.000000	195.000000	61.521091	35.654266
3.500000	11.000000	195.000000	64.128883	30.859573
3.500000	11.000000	195.000000	60.999977	34.203285
3.500000	11.000000	195.000000	59.658756	35.275547
3.500000	11.000000	195.000000	57.941772	37.615791
3.500000	11.000000	195.000000	60.146042	34.575554
3.500000	11.000000	195.000000	60.661198	34.986423
3.500000	11.000000	195.000000	60.997860	35.079525
3.500000	11.000000	195.000000	62.159012	34.583099
3.500000	11.000000	195.000000	56.842789	39.769871
3.500000	11.000000	195.000000	61.835831	34.087337
3.500000	11.000000	195.000000	58.507828	38.593857
3.500000	11.000000	195.000000	59.374844	38.410271
3.500000	11.000000	195.000000	60.053802	35.015732
3.500000	11.000000	195.000000	57.874844	37.839191
3.500000	11.000000	195.000000	57.393600	37.668621
3.500000	11.000000	195.000000	62.203884	36.048939
3.500000	11.000000	195.000000	60.301796	37.450947
3.500000	11.000000	195.000000	58.237015	35.947048
3.500000	11.000000	195.000000	55.138508	40.016029
3.500000	11.000000	195.000000	57.912174	40.107765
3.500000	11.000000	195.000000	61.858772	34.321194
3.500000	11.000000	195.000000	55.735332	37.540066
3.500000	11.000000	195.000000	63.054638	29.760206
3.500000	11.000000	195.000000	62.093143	36.136696
3.500000	11.000000	195.000000	64.979088	27.506441
3.500000	11.000000	195.000000	61.271915	34.405296
3.500000	11.000000	195.000000	58.431450	34.959179
3.500000	11.000000	195.000000	57.841236	38.208191
3.500000	11.000000	195.000000	58.532242	38.098751
3.500000	12.000000	165.000000	57.388008	37.209419
3.500000	12.000000	165.000000	58.680550	38.268959
3.500000	12.000000	165.000000	58.125999	37.597527
3.500000	12.000000	165.000000	57.566460	37.023056
3.500000	12.000000	165.000000	60.190079	31.579149
3.500000	12.000000	165.000000	57.974636	37.409851
3.500000	12.000000	165.000000	62.936947	32.955349
3.500000	12.000000	165.000000	61.240936	36.087578
3.500000	12.000000	165.000000	58.501038	35.689423
3.500000	12.000000	165.000000	57.843830	38.258801
3.500000	12.000000	165.000000	59.727917	34.526508
3.500000	12.000000	165.000000	59.934265	34.593796
3.500000	12.000000	165.000000	61.841949	34.080532
3.500000	12.000000	165.000000	60.783493	36.092396
3.500000	12.000000	165.000000	56.839897	39.286987
3.500000	12.000000	165.000000	58.568527	35.978649
3.500000	12.000000	165.000000	55.240108	40.668262
3.500000	12.000000	165.000000	57.458279	38.254223
3.500000	12.000000	165.000000	61.190380	34.825771
3.500000	12.000000	165.000000	57.094788	36.405960
3.500000	12.000000	165.000000	58.054012	35.924377
3.500000	12.000000	165.000000	59.705692	36.582527
3.500000	12.000000	165.000000	60.767090	36.091419
3.500000	12.000000	165.000000	56.510963	34.893948
3.500000	12.000000	165.000000	55.549728	40.319427
3.500000	12.000000	165.000000	55.312546	40.477806
3.500000	12.000000	165.000000	61.010437	34.112030
3.500000	12.000000	165.000000	56.043655	39.900223
3.500000	12.000000	165.000000	62.665455	29.876581
3.500000	12.000000	165.000000	62.217781	35.310432
3.500000	12.000000	165.000000	59.575806	36.415264
3.500000	12.000000	165.000000	60.728363	34.701328
3.500000	12.000000	165.000000	58.114101	36.152367
3.500000	12.000000	165.000000	56.606007	37.303032
3.500000	12.000000	165.000000	57.548397	39.288982
3.500000	12.000000	180.000000	57.226929	37.944393
3.500000	12.000000	180.000000	58.504524	38.773571
3.500000	12.000000	180.000000	58.411659	37.511932
3.500000	12.000000	180.000000	58.449841	37.165302
3.500000	12.000000	180.000000	59.067776	34.424911
3.500000	12.000000	180.000000	58.491478	37.669834
3.500000	12.000000	180.000000	62.316551	33.536663
3.500000	12.000000	180.000000	61.076427	35.893414
3.500000	12.000000	180.000000	58.477539	35.932297
3.500000	12.000000	180.000000	57.751179	38.522366
3.500000	12.000000	180.000000	60.563412	34.284340
3.500000	12.000000	180.000000	59.540184	36.150955
3.500000	12.000000	180.000000	60.811115	35.512238
3.500000	12.000000	180.000000	60.045586	36.734558
3.500000	12.000000	180.000000	56.264046	39.450550
3.500000	12.000000	180.000000	59.142666	36.752090
3.500000	12.000000	180.000000	55.107044	40.916851
3.500000	12.000000	180.000000	58.385010	38.053890
3.500000	12.000000	180.000000	59.818325	35.947510
3.500000	12.000000	180.000000	55.727745	38.313316
3.500000	12.000000	180.000000	57.026855	38.105896
3.500000	12.000000	180.000000	60.173489	36.922680
3.500000	12.000000	180.000000	59.838951	37.616653
3.500000	12.000000	180.000000	56.108685	36.849979
3.500000	12.000000	180.000000	55.910717	40.149673
3.500000	12.000000	180.000000	55.089542	40.737194
3.500000	12.000000	180.000000	61.587856	34.887901
3.500000	12.000000	180.000000	55.475380	40.004498
3.500000	12.000000	180.000000	60.949417	31.021086
3.500000	12.000000	180.000000	61.602596	36.518684
3.500000	12.000000	180.000000	60.102066	37.844196
3.500000	12.000000	180.000000	60.190269	35.175285
3.500000	12.000000	180.000000	57.153751	37.097782
3.500000	12.000000	180.000000	56.194202	38.568516
3.500000	12.000000	180.000000	56.691967	39.198803
3.500000	12.000000	195.000000	57.388008	37.209419
3.500000	12.000000	195.000000	58.680550	38.268959
3.500000	12.000000	195.000000	58.125999	37.597527
3.500000	12.000000	195.000000	57.566460	37.023056
3.500000	12.000000	195.000000	60.190079	31.579149
3.500000	12.000000	195.000000	57.974636	37.409851
3.500000	12.000000	195.000000	62.936947	32.955349
3.500000	12.000000	195.000000	61.240936	36.087578
3.500000	12.000000	195.000000	58.501038	35.689423
3.500000	12.000000	195.000000	57.843830	38.258801
3.500000	12.000000	195.000000	59.727917	34.526508
3.500000	12.000000	195.000000	59.934265	34.593796
3.500000	12.000000	195.000000	61.841949	34.080532
3.500000	12.000000	195.000000	60.783493	36.092396
3.500000	12.000000	195.000000	56.839897	39.286987
3.500000	12.000000	195.000000	58.568527	35.978649
3.500000	12.000000	195.000000	55.240108	40.668262
3.500000	12.000000	195.000000	57.458279	38.254223
3.500000	12.000000	195.000000	61.190380	34.825771
3.500000	12.000000	195.000000	57.094788	36.405960
3.500000	12.000000	195.000000	58.054012	35.924377
3.500000	12.000000	195.000000	59.705692	36.582527
3.500000	12.000000	195.000000	60.767090	36.091419
3.500000	12.000000	195.000000	56.510963	34.893948
3.500000	12.000000	195.000000	55.549728	40.319427
3.500000	12.000000	195.000000	55.312546	40.477806
3.500000	12.000000	195.000000	61.010437	34.112030
3.500000	12.000000	195.000000	56.043655	39.900223
3.500000	12.000000	195.000000	62.665455	29.876581
3.500000	12.000000	195.000000	62.217781	35.310432
3.500000	12.000000	195.000000	59.575806	36.415264
3.500000	12.000000	195.000000	60.728363	34.701328
3.500000	12.000000	195.000000	58.114101	36.152367
3.500000	12.000000	195.000000	56.606007	37.303032
3.500000	12.000000	195.000000	57.548397	39.288982
3.500000	14.000000	165.000000	55.375313	40.457748
3.500000	14.000000	165.000000	56.840656	40.159840
3.500000	14.000000	165.000000	55.989979	39.494934
3.500000	14.000000	165.000000	55.102104	39.044758
3.500000	14.000000	165.000000	54.555943	39.717804
3.500000	14.000000	165.000000	57.608002	39.291866
3.500000	14.000000	165.000000	56.223377	39.394970
3.500000	14.000000	165.000000	56.852100	37.032372
3.500000	14.000000	165.000000	55.576054	38.775524
3.500000	14.000000	165.000000	55.764767	39.422321
3.500000	14.000000	165.000000	57.127388	38.033401
3.500000	14.000000	165.000000	55.682430	38.388233
3.500000	14.000000	165.000000	59.445210	38.253349
3.500000	14.000000	165.000000	60.424534	35.801910
3.500000	14.000000	165.000000	54.773766	40.698387
3.500000	14.000000	165.000000	56.683205	39.792439
3.500000	14.000000	165.000000	55.067108	39.600849
3.500000	14.000000	165.000000	57.232647	37.582088
3.500000	14.000000	165.000000	54.224998	39.992661
3.500000	14.000000	165.000000	56.872139	39.891979
3.500000	14.000000	165.000000	59.387691	35.586552
3.500000	14.000000	165.000000	56.921856	37.574490
3.500000	14.000000	165.000000	56.899971	38.198479
3.500000	14.000000	165.000000	54.308250	41.813934
3.500000	14.000000	165.000000	54.077427	40.156185
3.500000	14.000000	165.000000	54.996319	39.750145
3.500000	14.000000	165.000000	58.253689	37.339008
3.500000	14.000000	165.000000	54.406796	41.310356
3.500000	14.000000	165.000000	58.331806	38.045525
3.500000	14.000000	165.000000	57.296715	39.455532
3.500000	14.000000	165.000000	55.926495	39.635239
3.500000	14.000000	165.000000	58.316833	37.623035
3.500000	14.000000	165.000000	58.306480	36.464565
3.500000	14.000000	165.000000	56.680958	37.581642
3.500000	14.000000	165.000000	55.356911	39.600586
3.500000	14.000000	180.000000	54.734249	40.932732
3.500000	14.000000	180.000000	56.609741	39.962944
3.500000	14.000000	180.000000	57.239929	39.062103
3.500000	14.000000	180.000000	55.345222	38.685688
3.500000	14.000000	180.000000	55.095699	40.062283
3.500000	14.000000	180.000000	58.278492	39.722157
3.500000	14.000000	180.000000	55.962429	39.796635
3.500000	14.000000	180.000000	56.442585	38.267727
3.500000	14.000000	180.000000	55.525589	38.734509
3.500000	14.000000	180.000000	56.095364	39.966507
3.500000	14.000000	180.000000	57.342045	37.519264
3.500000	14.000000	180.000000	55.559219	37.795952
3.500000	14.000000	180.000000	59.342087	38.890186
3.500000	14.000000	180.000000	59.183941	36.220722
3.500000	14.000000	180.000000	55.062531	40.799053
3.500000	14.000000	180.000000	55.237778	40.721519
3.500000	14.000000	180.000000	55.420395	40.326668
3.500000	14.000000	180.000000	56.412914	38.365009
3.500000	14.000000	180.000000	54.694340	39.742882
3.500000	14.000000	180.000000	57.247742	38.968174
3.500000	14.000000	180.000000	60.673870	36.472107
3.500000	14.000000	180.000000	57.295315	37.918049
3.500000	14.000000	180.000000	56.040932	38.077690
3.500000	14.000000	180.000000	54.952900	41.791325
3.500000	14.000000	180.000000	53.787121	40.958542
3.500000	14.000000	180.000000	55.178879	39.888657
3.500000	14.000000	180.000000	57.449909	37.786049
3.500000	14.000000	180.000000	54.357559	41.556728
3.500000	14.000000	180.000000	57.827583	37.125118
3.500000	14.000000	180.000000	56.725216	40.602654
3.500000	14.000000	180.000000	55.791569	38.430328
3.500000	14.000000	180.000000	58.241989	38.107498
3.500000	14.000000	180.000000	59.271111	35.541363
3.500000	14.000000	180.000000	55.784832	39.115601
3.500000	14.000000	180.000000	54.798222	39.691250
3.500000	14.000000	195.000000	55.375313	40.457748
3.500000	14.000000	195.000000	56.840656	40.159840
3.500000	14.000000	195.000000	55.989979	39.494934
3.500000	14.000000	195.000000	55.102104	39.044758
3.500000	14.000000	195.000000	54.555943	39.717804
3.500000	14.000000	195.000000	57.608002	39.291866
3.500000	14.000000	195.000000	56.223377	39.394970
3.500000	14.000000	195.000000	56.852100	37.032372
3.500000	14.000000	195.000000	55.576054	38.775524
3.500000	14.000000	195.000000	55.764767	39.422321
3.500000	14.000000	195.000000	57.127388	38.033401
3.500000	14.000000	195.000000	55.682430	38.388233
3.500000	14.000000	195.000000	59.445210	38.253349
3.500000	14.000000	195.000000	60.424534	35.801910
3.500000	14.000000	195.000000	54.773766	40.698387
3.500000	14.000000	195.000000	56.683205	39.792439
3.500000	14.000000	195.000000	55.067108	39.600849
3.500000	14.000000	195.000000	57.232647	37.582088
3.500000	14.000000	195.000000	54.224998	39.992661
3.500000	14.000000	195.000000	56.872139	39.891979
3.500000	14.000000	195.000000	59.387691	35.586552
3.500000	14.000000	195.000000	56.921856	37.574490
3.500000	14.000000	195.000000	56.899971	38.198479
3.500000	14.000000	195.000000	54.308250	41.813934
3.500000	14.000000	195.000000	54.077427	40.156185
3.500000	14.000000	195.000000	54.996319	39.750145
3.500000	14.000000	195.000000	58.253689	37.339008
3.500000	14.000000	195.000000	54.406796	41.310356
3.500000	14.000000	195.000000	58.331806	38.045525
3.500000	14.000000	195.000000	57.296715	39.455532
3.500000	14.000000	195.000000	55.926495	39.635239
3.500000	14.000000	195.000000	58.316833	37.623035
3.500000	14.000000	195.000000	58.306480	36.464565
3.500000	14.000000	195.000000	56.680958	37.581642
3.500000	14.000000	195.000000	55.356911	39.600586
