74266682763 157339 159139 160121 161304 161525 162240 163576 163856 165984 167440 168045 169169 169344 171171 172159 172805 173761 173901 175175 176111 176605 177289 177429 178360 178451 179256 179360 179816 180544 180856 180999 181040 181235 181279 181545 181649 181671 181675 450
158640665547 229957 233240 234023 235752 236075 237120 239785 242305 242592 244720 247247 249392 250173 250408 251617 252343 254163 256025 256457 257393 257565 258115 258960 259608 260680 260813 261765 262808 263127 263683 263872 264328 264537 264992 265307 265335 265487 265525 450
197701612563 256711 258041 260429 262015 263971 266175 267344 270541 270816 271895 273819 275415 278369 279279 280891 281736 281945 284200 285376 287339 287504 288145 289261 289835 292201 292640 292989 293384 293755 294749 295169 295581 295771 295815 296205 296296 296400 296424 450
281637364827 306397 309400 312208 314072 316407 319088 320705 323232 324077 325663 327915 331240 333333 335257 335327 336515 337155 339815 342433 342953 343915 344400 345247 346528 348257 349245 349280 349863 350168 350987 352093 352560 352872 353017 353248 353535 353717 353793 450
297066731052 314678 318278 320242 322608 323050 324480 327152 327712 331968 334880 336090 338338 338688 342342 344318 345610 347522 347802 350350 352222 353210 354578 354858 356720 356902 358512 358720 359632 361088 361712 361998 362080 362470 362558 363090 363298 363342 363350 450
380385308667 356083 358215 360477 363713 366875 368953 370832 371917 374613 375648 377377 384293 387387 388227 388808 389623 391085 392392 397488 398567 399685 400673 401233 403095 404397 405920 406315 406952 408135 408907 409955 410263 410423 410677 410760 410865 411008 411112 450
547148417907 427063 427715 433160 438425 443992 444752 445315 449995 450528 454480 455453 459173 459648 460280 464607 468637 471637 472017 475475 478335 479048 481213 481593 484120 484367 486135 486552 488072 488257 489697 490048 491283 492043 492128 492713 492765 493087 493107 450
634562662188 459914 466480 468046 471504 472150 474240 479570 484610 485184 489440 494494 498784 500346 500816 503234 504686 508326 512050 512914 514786 515130 516230 517920 519216 521360 521626 523530 525616 526254 527366 527744 528656 529074 529984 530614 530670 530974 531050 450
668400144867 472017 477417 480363 483912 484575 486720 490728 491568 497952 502320 504135 507507 508032 513513 516477 518415 521283 521703 525525 528333 529815 531867 532287 535080 535353 537768 538080 539448 541632 542568 542997 543120 543705 543837 544635 544947 545013 545025 450
765502289643 505141 511784 519400 520065 524381 526064 527239 532896 538265 542464 544856 548240 549549 552721 553945 554795 558831 559249 561925 565409 566995 569191 570024 572000 572285 573256 575211 575840 577304 579085 579839 580811 580944 582001 582176 582855 582991 583219 450
790806450252 513422 516082 520858 524030 527942 532350 534688 541082 541632 543790 547638 550830 556738 558558 561782 563472 563890 568400 570752 574678 575008 576290 578522 579670 584402 585280 585978 586768 587510 589498 590338 591162 591542 591630 592410 592592 592800 592848 450
902092778643 548359 552024 556301 565440 568575 571795 572565 578585 583471 586984 588931 589589 592249 594704 601179 601741 603896 606081 606599 610584 613725 615505 617120 617520 619115 624169 625651 626696 627711 630661 630819 631389 631904 632016 632731 633080 633175 633185 450
923498999787 554827 564417 569023 572663 573835 577808 585312 589967 593047 594035 596713 599585 603603 607087 609365 610720 612872 615160 615888 618048 621023 622765 625177 627095 627627 629187 630513 630973 632480 634088 636603 637377 637637 638365 639247 640185 640528 640640 450
1096307901507 604513 606125 606832 611793 628147 629552 631553 635817 636405 637728 643615 652537 656565 657657 661453 662480 663935 672840 676637 677425 677768 678535 681163 681863 688597 689120 690872 691327 691523 692835 693753 696493 696787 697320 697383 697515 697632 697928 450
1124208577947 612157 621023 624805 626535 633080 634725 645792 648365 652953 654368 655375 657352 663803 665973 669817 671832 675383 678755 679497 680512 685193 687115 691145 691915 694720 696152 696787 699608 702863 703248 703513 704557 704847 705405 706335 706552 706800 706853 450
1126549459308 612794 618800 624416 628144 632814 638176 641410 646464 648154 651326 655830 662480 666666 670514 670654 673030 674310 679630 684866 685906 687830 688800 690494 693056 696514 698490 698560 699726 700336 701974 704186 705120 705744 706034 706496 707070 707434 707586 450
1188266924208 629356 636556 640484 645216 646100 648960 654304 655424 663936 669760 672180 676676 677376 684684 688636 691220 695044 695604 700700 704444 706420 709156 709716 713440 713804 717024 717440 719264 722176 723424 723996 724160 724940 725116 726180 726596 726684 726700 450
1283928994803 654199 655431 665665 680225 681296 685589 690144 691145 699391 703465 707941 710879 711711 715819 718505 719264 723000 726104 728416 731640 732251 734305 734881 737149 737685 739479 743925 745760 747299 747656 748005 749151 750659 753571 753739 754845 754936 755384 450
1285083261147 654493 657705 659813 669963 674880 677768 682465 684208 691353 695647 699703 703703 707560 709808 718207 720195 721487 723387 726432 732032 734635 736127 737040 739347 742727 744648 746377 747040 747992 749455 751905 752913 753445 753768 754208 754457 755573 755725 450
1427765989923 689871 699720 702069 707256 708225 711360 719355 726915 727776 734160 741741 748176 750519 751224 754851 757029 762489 768075 769371 772179 772695 774345 776880 778824 782040 782439 785295 788424 789381 791049 791616 792984 793611 794976 795921 796005 796461 796575 450
1521541234668 712166 716430 720954 727426 733750 737906 741664 743834 749226 751296 754754 768586 774774 776454 777616 779246 782170 784784 794976 797134 799370 801346 802466 806190 808794 811840 812630 813904 816270 817814 819910 820526 820846 821354 821520 821730 822016 822224 450
1735660299387 760627 770013 775523 775837 784320 784728 793135 797667 805847 806113 817817 824600 824912 828520 831285 834673 834955 840693 846032 849072 849243 853765 856560 860453 860587 864248 864367 869288 871815 873145 875007 875085 876512 877128 877523 877933 877952 878275 450
1779314513067 770133 774123 781287 786045 791913 798525 802032 811623 812448 815685 821457 826245 835107 837837 842673 845208 845835 852600 856128 862017 862512 864435 867783 869505 876603 877920 878967 880152 881265 884247 885507 886743 887313 887445 888615 888888 889200 889272 450
1856667069075 786695 795695 800605 806520 807625 811200 817880 819280 829920 837200 840225 845845 846720 855855 860795 864025 868805 869505 875875 880555 883025 886445 887145 891800 892255 896280 896800 899080 902720 904280 904995 905200 906175 906395 907725 908245 908355 908375 450
1935665424147 803257 815997 824915 827995 836437 836528 847392 857675 863423 864773 870225 873873 878917 882215 882280 886912 887992 889928 892320 895128 899093 901615 905107 905153 907387 909135 910455 911157 913913 915680 918008 921375 923377 923993 925463 925477 926835 927472 450
2182535283747 852943 862920 870688 871815 879307 884273 888272 899808 903497 910808 914095 914992 920920 927927 933283 936785 939575 945035 947457 952413 954707 957385 961093 965328 968440 968877 972320 974792 977487 979355 979608 980473 982072 982723 984165 984475 984737 984893 450
2188593671628 854126 855430 866320 876850 887984 889504 890630 899990 901056 908960 910906 918346 919296 920560 929214 937274 943274 944034 950950 956670 958096 962426 963186 968240 968734 972270 973104 976144 976514 979394 980096 982566 984086 984256 985426 985530 986174 986214 450
2281429304427 872053 880600 888592 892645 896623 897863 900543 919968 922373 926887 930247 936523 939673 942760 948717 954193 959595 962192 964712 974617 976097 978835 986272 987987 989625 991193 994005 996632 998963 1002677 1002925 1003440 1003663 1004328 1006215 1006733 1006880 1006952 450
2401415956443 894691 902104 907649 915705 922560 927675 934185 939280 945195 951979 956384 961961 966301 975359 977011 980871 985304 988869 993111 996216 1000615 1004245 1006880 1010135 1015360 1018381 1020251 1020799 1022504 1024541 1027824 1029231 1030161 1031184 1031849 1032085 1032920 1033075 450
2444217334923 902629 906035 907816 911809 940016 942955 944489 947921 952224 954989 956431 978424 981981 984256 985439 987649 991355 1007699 1008616 1010321 1013155 1014741 1015560 1017079 1028960 1030029 1030575 1031576 1033019 1034075 1034521 1039969 1040611 1041040 1041209 1041495 1041736 1041845 450
2534736283443 919191 928200 936624 942216 949221 957264 962115 969696 972231 976989 983745 993720 999999 1005771 1005981 1009545 1011465 1019445 1027299 1028859 1031745 1033200 1035741 1039584 1044771 1047735 1047840 1049589 1050504 1052961 1056279 1057680 1058616 1059051 1059744 1060605 1061151 1061379 450
2538250648752 919828 932960 936092 943008 944300 948480 959140 969220 970368 978880 988988 997568 1000692 1001632 1006468 1009372 1016652 1024100 1025828 1029572 1030260 1032460 1035840 1038432 1042720 1043252 1047060 1051232 1052508 1054732 1055488 1057312 1058148 1059968 1061228 1061340 1061948 1062100 450
2673600579468 944034 954834 960726 967824 969150 973440 981456 983136 995904 1004640 1008270 1015014 1016064 1027026 1032954 1036830 1042566 1043406 1051050 1056666 1059630 1063734 1064574 1070160 1070706 1075536 1076160 1078896 1083264 1085136 1085994 1086240 1087410 1087674 1089270 1089894 1090026 1090050 450
3062009158572 1010282 1023568 1038800 1040130 1048762 1052128 1054478 1065792 1076530 1084928 1089712 1096480 1099098 1105442 1107890 1109590 1117662 1118498 1123850 1130818 1133990 1138382 1140048 1144000 1144570 1146512 1150422 1151680 1154608 1158170 1159678 1161622 1161888 1164002 1164352 1165710 1165982 1166438 450
3163225801008 1026844 1032164 1041716 1048060 1055884 1064700 1069376 1082164 1083264 1087580 1095276 1101660 1113476 1117116 1123564 1126944 1127780 1136800 1141504 1149356 1150016 1152580 1157044 1159340 1168804 1170560 1171956 1173536 1175020 1178996 1180676 1182324 1183084 1183260 1184820 1185184 1185600 1185696 450
3318136637907 1051687 1058792 1061333 1095248 1101373 1103557 1109472 1111825 1117283 1137437 1144143 1146080 1148875 1150552 1150747 1155065 1156848 1175720 1177013 1177163 1180465 1180608 1181817 1183752 1185037 1198880 1198977 1199793 1201083 1201928 1203895 1204567 1211307 1211707 1212575 1212848 1213485 1214080 450
3423467778003 1068249 1074645 1081431 1091139 1100625 1106859 1112496 1115751 1123839 1126944 1132131 1152879 1162161 1164681 1166424 1168869 1173255 1177176 1192464 1195701 1199055 1202019 1203699 1209285 1213191 1217760 1218945 1220856 1224405 1226721 1229865 1230789 1231269 1232031 1232280 1232595 1233024 1233336 450
3492910748523 1079029 1092595 1105975 1107981 1112640 1120696 1124816 1125145 1136751 1149785 1160159 1163864 1169961 1170224 1175169 1184071 1184309 1192611 1200325 1208704 1211155 1215120 1215289 1217349 1223089 1223915 1228920 1233176 1234601 1236824 1238591 1240359 1241289 1243375 1243424 1244880 1245811 1245925 450
3608371114572 1096718 1104048 1112602 1130880 1137150 1143590 1145130 1157170 1166942 1173968 1177862 1179178 1184498 1189408 1202358 1203482 1207792 1212162 1213198 1221168 1227450 1231010 1234240 1235040 1238230 1248338 1251302 1253392 1255422 1261322 1261638 1262778 1263808 1264032 1265462 1266160 1266350 1266370 450
3693995999148 1109654 1128834 1138046 1145326 1147670 1155616 1170624 1179934 1186094 1188070 1193426 1199170 1207206 1214174 1218730 1221440 1225744 1230320 1231776 1236096 1242046 1245530 1250354 1254190 1255254 1258374 1261026 1261946 1264960 1268176 1273206 1274754 1275274 1276730 1278494 1280370 1281056 1281280 450
3877372442307 1136863 1142753 1158952 1163565 1175720 1178775 1183952 1199328 1206840 1212627 1217125 1219695 1230387 1232777 1236807 1247688 1258600 1260545 1261923 1263808 1273232 1281013 1283555 1284985 1285992 1291983 1294033 1299272 1300915 1305317 1306032 1307177 1308463 1309843 1311765 1312168 1312353 1312727 450
3966016638675 1149785 1166200 1170115 1178760 1180375 1185600 1198925 1211525 1212960 1223600 1236235 1246960 1250865 1252040 1258085 1261715 1270815 1280125 1282285 1286965 1287825 1290575 1294800 1298040 1303400 1304065 1308825 1314040 1315635 1318415 1319360 1321640 1322685 1324960 1326535 1326675 1327435 1327625 450
3974810464443 1151059 1159480 1177176 1191281 1198736 1200909 1214304 1221129 1233064 1235311 1241136 1246440 1252251 1259479 1264205 1269359 1274019 1275731 1278225 1284101 1288391 1292005 1295896 1297009 1300624 1303640 1306669 1312160 1312955 1315496 1317821 1319695 1322139 1324960 1326199 1328145 1328691 1329125 450
4161730388907 1177813 1184865 1192347 1199128 1207017 1220383 1230187 1242528 1248247 1259713 1265992 1271123 1281357 1288753 1297912 1302093 1306455 1306877 1311055 1314768 1318337 1322035 1325303 1331640 1334975 1336048 1339107 1343965 1346072 1349985 1351637 1353408 1356005 1357553 1359015 1359488 1359832 1359995 450
4213834009707 1185163 1192345 1207360 1215487 1222080 1235815 1241973 1249877 1261635 1268915 1274273 1279488 1285328 1290233 1295952 1300537 1305647 1309917 1314040 1318813 1326808 1330285 1334640 1340272 1344003 1347185 1352325 1354472 1356467 1360247 1362053 1363383 1364560 1365728 1366575 1367392 1368297 1368475 450
4385231606028 1209026 1212250 1213664 1223586 1256294 1259104 1263106 1271634 1272810 1275456 1287230 1305074 1313130 1315314 1322906 1324960 1327870 1345680 1353274 1354850 1355536 1357070 1362326 1363726 1377194 1378240 1381744 1382654 1383046 1385670 1387506 1392986 1393574 1394640 1394766 1395030 1395264 1395856 450
4496834311788 1224314 1242046 1249610 1253070 1266160 1269450 1291584 1296730 1305906 1308736 1310750 1314704 1327606 1331946 1339634 1343664 1350766 1357510 1358994 1361024 1370386 1374230 1382290 1383830 1389440 1392304 1393574 1399216 1405726 1406496 1407026 1409114 1409694 1410810 1412670 1413104 1413600 1413706 450
4506197837232 1225588 1237600 1248832 1256288 1265628 1276352 1282820 1292928 1296308 1302652 1311660 1324960 1333332 1341028 1341308 1346060 1348620 1359260 1369732 1371812 1375660 1377600 1380988 1386112 1393028 1396980 1397120 1399452 1400672 1403948 1408372 1410240 1411488 1412068 1412992 1414140 1414868 1415172 450
4690733057283 1250431 1267161 1276056 1278485 1285999 1287104 1302224 1319136 1326280 1332656 1333591 1341704 1348529 1360359 1368211 1373345 1378741 1384201 1390179 1395135 1399619 1403545 1408981 1416051 1419600 1423784 1425440 1429064 1433544 1435665 1437800 1438021 1439399 1440691 1442805 1443715 1443749 1443871 450
4753067696832 1258712 1273112 1280968 1290432 1292200 1297920 1308608 1310848 1327872 1339520 1344360 1353352 1354752 1369368 1377272 1382440 1390088 1391208 1401400 1408888 1412840 1418312 1419432 1426880 1427608 1434048 1434880 1438528 1444352 1446848 1447992 1448320 1449880 1450232 1452360 1453192 1453368 1453400 450
4873348987563 1274539 1284899 1304635 1310449 1314240 1319864 1341179 1346319 1346345 1354681 1370369 1377880 1385111 1389341 1395984 1402485 1405001 1408701 1425520 1425536 1428616 1430605 1439781 1443981 1446375 1450104 1453471 1456616 1457789 1459465 1465451 1466199 1467235 1467864 1470280 1470784 1471379 1471675 450
4924335761163 1281189 1283145 1299480 1315275 1331976 1334256 1335945 1349985 1351584 1363440 1366359 1377519 1378944 1380840 1393821 1405911 1414911 1416051 1426425 1435005 1437144 1443639 1444779 1452360 1453101 1458405 1459656 1464216 1464771 1469091 1470144 1473849 1476129 1476384 1478139 1478295 1479261 1479321 450
4942540314075 1283555 1290205 1302145 1310075 1319855 1330875 1336720 1352705 1354080 1359475 1369095 1377075 1391845 1396395 1404455 1408680 1409725 1421000 1426880 1436695 1437520 1440725 1446305 1449175 1461005 1463200 1464945 1466920 1468775 1473745 1475845 1477905 1478855 1479075 1481025 1481480 1482000 1482120 450
5002343826627 1291297 1294293 1310848 1313023 1328803 1331520 1346485 1349057 1357793 1373288 1386183 1388387 1400432 1402485 1415120 1417003 1427223 1428952 1438297 1439497 1447992 1449415 1454160 1458288 1462487 1469517 1474897 1475768 1476615 1480955 1481480 1484945 1485477 1488032 1488403 1490208 1490767 1491025 450
5070912641067 1300117 1324505 1331512 1342848 1343727 1350360 1353968 1371552 1390467 1391208 1396785 1405733 1414413 1422577 1427915 1430457 1434945 1442077 1442623 1455233 1459315 1464967 1469888 1470287 1475123 1477840 1478185 1482080 1485848 1492192 1493765 1493960 1496208 1497363 1497937 1500135 1500895 1501227 450
5135715979212 1308398 1310862 1331330 1360450 1362592 1371178 1380288 1382290 1398782 1406930 1415882 1421758 1423422 1431638 1437010 1438528 1446000 1452208 1456832 1463280 1464502 1468610 1469762 1474298 1475370 1478958 1487850 1491520 1494598 1495312 1496010 1498302 1501318 1507142 1507478 1509690 1509872 1510768 450
5140333044588 1308986 1315410 1319626 1339926 1349760 1355536 1364930 1368416 1382706 1391294 1399406 1407406 1415120 1419616 1436414 1440390 1442974 1446774 1452864 1464064 1469270 1472254 1474080 1478694 1485454 1489296 1492754 1494080 1495984 1498910 1503810 1505826 1506890 1507536 1508416 1508914 1511146 1511450 450
5465904416427 1349803 1372280 1384368 1385167 1404585 1405712 1423968 1425025 1435317 1442103 1452360 1467592 1468467 1476943 1477773 1482485 1483287 1491035 1503593 1510205 1510847 1515085 1520953 1521520 1530368 1530697 1535365 1538303 1538720 1542632 1548547 1551440 1553032 1555008 1555183 1557465 1557563 1558557 450
5711063959692 1379742 1399440 1404138 1414512 1416450 1422720 1438710 1453830 1455552 1468320 1483482 1496352 1501038 1502448 1509702 1514058 1524978 1536150 1538742 1544358 1545390 1548690 1553760 1557648 1564080 1564878 1570590 1576848 1578762 1582098 1583232 1585968 1587222 1589952 1591842 1592010 1592922 1593150 450
5858440199283 1397431 1402184 1410864 1440960 1445235 1453025 1455115 1457155 1492344 1502501 1504221 1505959 1512229 1515536 1533469 1536416 1541736 1544529 1552201 1566275 1568545 1570760 1573680 1574720 1575765 1592941 1595671 1597064 1598401 1600731 1604984 1607571 1608369 1609699 1610336 1613480 1613535 1613575 450
6015601303803 1416051 1432251 1441089 1451736 1453725 1460160 1472184 1474704 1493856 1506960 1512405 1522521 1524096 1540539 1549431 1555245 1563849 1565109 1576575 1584999 1589445 1595601 1596861 1605240 1606059 1613304 1614240 1618344 1624896 1627704 1628991 1629360 1631115 1631511 1633905 1634841 1635039 1635075 450
6086164938672 1424332 1432860 1441908 1454852 1467500 1475812 1483328 1487668 1498452 1502592 1509508 1537172 1549548 1552908 1555232 1558492 1564340 1569568 1589952 1594268 1598740 1602692 1604932 1612380 1617588 1623680 1625260 1627808 1632540 1635628 1639820 1641052 1641692 1642708 1643040 1643460 1644032 1644448 450
6739752891963 1498861 1528800 1533259 1550864 1555085 1560944 1581216 1605331 1608880 1615855 1619256 1630629 1640041 1646195 1650299 1653155 1658735 1661439 1664221 1666821 1677689 1682395 1688911 1691800 1693791 1695824 1697709 1701336 1703065 1708640 1712984 1720719 1721720 1725241 1725976 1726921 1729455 1730729 450
6889520606787 1515423 1535352 1558200 1560195 1573143 1578192 1581717 1598688 1614795 1627392 1634568 1644720 1648647 1658163 1661835 1664385 1676493 1677747 1685775 1696227 1700985 1707573 1710072 1716000 1716855 1719768 1725633 1727520 1731912 1737255 1739517 1742433 1742832 1746003 1746528 1748565 1748973 1749657 450
6942641197548 1521254 1540026 1551046 1551674 1568640 1569456 1586270 1595334 1611694 1612226 1635634 1649200 1649824 1657040 1662570 1669346 1669910 1681386 1692064 1698144 1698486 1707530 1713120 1720906 1721174 1728496 1728734 1738576 1743630 1746290 1750014 1750170 1753024 1754256 1755046 1755866 1755904 1756550 450
7040934120675 1531985 1547000 1561040 1570360 1582035 1595440 1603525 1616160 1620385 1628315 1639575 1656200 1666665 1676285 1676635 1682575 1685775 1699075 1712165 1714765 1719575 1722000 1726235 1732640 1741285 1746225 1746400 1749315 1750840 1754935 1760465 1762800 1764360 1765085 1766240 1767675 1768585 1768965 450
7117258052268 1540266 1548246 1562574 1572090 1583826 1597050 1604064 1623246 1624896 1631370 1642914 1652490 1670214 1675674 1685346 1690416 1691670 1705200 1712256 1724034 1725024 1728870 1735566 1739010 1753206 1755840 1757934 1760304 1762530 1768494 1771014 1773486 1774626 1774890 1777230 1777776 1778400 1778544 450
7426668276300 1573390 1591390 1601210 1613040 1615250 1622400 1635760 1638560 1659840 1674400 1680450 1691690 1693440 1711710 1721590 1728050 1737610 1739010 1751750 1761110 1766050 1772890 1774290 1783600 1784510 1792560 1793600 1798160 1805440 1808560 1809990 1810400 1812350 1812790 1815450 1816490 1816710 1816750 450
7663046166867 1598233 1631903 1633177 1645995 1655337 1656543 1664432 1686048 1705275 1713153 1714167 1724317 1738737 1748773 1755335 1760832 1761648 1769768 1776320 1788917 1793935 1800883 1804747 1809535 1814813 1815307 1818953 1821920 1826552 1835197 1835483 1837537 1839915 1840125 1841413 1844115 1845248 1845480 450
7742661696588 1606514 1631994 1649830 1655990 1672874 1673056 1694784 1715350 1726846 1729546 1740450 1747746 1757834 1764430 1764560 1773824 1775984 1779856 1784640 1790256 1798186 1803230 1810214 1810306 1814774 1818270 1820910 1822314 1827826 1831360 1836016 1842750 1846754 1847986 1850926 1850954 1853670 1854944 450
7868603111187 1619527 1635400 1643163 1665157 1672437 1686608 1695155 1708512 1725653 1733265 1739257 1745107 1750840 1761903 1782105 1786928 1791608 1796165 1801632 1805880 1810003 1820400 1824877 1831648 1834833 1837875 1840787 1850888 1855217 1857177 1858995 1861063 1862575 1865947 1867168 1868685 1869647 1869920 450
8118835007787 1645077 1656072 1668903 1696320 1705725 1715385 1717695 1735755 1750413 1760952 1766793 1768767 1776747 1784112 1803537 1805223 1811688 1818243 1819797 1831752 1841175 1846515 1851360 1852560 1857345 1872507 1876953 1880088 1883133 1891983 1892457 1894167 1895712 1896048 1898193 1899240 1899525 1899555 450
8146911091683 1647919 1674985 1681480 1685099 1691456 1699551 1705704 1716176 1738464 1748056 1760304 1765491 1784629 1792791 1803139 1809905 1810641 1826279 1830101 1844531 1849705 1856869 1861951 1864744 1872185 1874600 1878560 1883336 1892800 1894165 1895784 1896921 1898499 1898659 1901445 1902215 1902771 1902849 450
8311490998083 1664481 1693251 1707069 1717989 1721505 1733424 1755936 1769901 1779141 1782105 1790139 1798755 1810809 1821261 1828095 1832160 1838616 1845480 1847664 1854144 1863069 1868295 1875531 1881285 1882881 1887561 1891539 1892919 1897440 1902264 1909809 1912131 1912911 1915095 1917741 1920555 1921584 1921920 450
8730141134988 1705886 1725840 1741376 1743630 1758614 1768546 1776544 1799616 1806994 1821616 1828190 1829984 1841840 1855854 1866566 1873570 1879150 1890070 1894914 1904826 1909414 1914770 1922186 1930656 1936880 1937754 1944640 1949584 1954974 1958710 1959216 1960946 1964144 1965446 1968330 1968950 1969474 1969786 450
8754374686512 1708252 1710860 1732640 1753700 1775968 1779008 1781260 1799980 1802112 1817920 1821812 1836692 1838592 1841120 1858428 1874548 1886548 1888068 1901900 1913340 1916192 1924852 1926372 1936480 1937468 1944540 1946208 1952288 1953028 1958788 1960192 1965132 1968172 1968512 1970852 1971060 1972348 1972428 450
8832248651667 1715833 1719120 1732705 1766303 1769280 1784433 1786323 1789165 1803613 1832075 1844843 1847237 1860848 1882867 1886247 1894528 1896447 1898345 1906080 1924377 1925935 1932240 1933687 1934632 1943032 1948025 1955063 1955765 1960952 1961883 1973272 1973853 1976520 1976817 1977248 1979135 1981168 1981225 450
8889850120683 1721419 1722176 1734389 1742661 1755131 1775040 1795640 1806105 1823759 1824361 1841119 1850296 1850849 1866200 1889635 1902621 1903059 1910051 1914704 1921584 1921971 1932205 1932560 1938195 1947341 1956199 1963416 1967119 1967336 1973055 1976065 1980279 1983781 1985184 1986901 1986944 1987675 1987685 450
8986268614323 1730729 1750529 1761331 1774344 1776775 1784640 1799336 1802416 1825824 1841840 1848495 1860859 1862784 1882881 1893749 1900855 1911371 1912911 1926925 1937221 1942655 1950179 1951719 1961960 1962961 1971816 1972960 1977976 1985984 1989416 1990989 1991440 1993585 1994069 1996995 1998139 1998381 1998425 450
9106754693547 1742293 1767527 1770527 1783215 1806525 1816997 1831263 1851847 1852032 1862432 1864805 1871408 1883560 1889737 1900920 1901075 1911728 1917195 1927177 1933953 1941233 1954147 1955635 1961913 1967105 1977280 1983163 1991192 1998640 2001552 2003840 2006103 2006568 2007775 2009637 2011373 2011383 2011807 450
9125717217708 1744106 1761200 1777184 1785290 1793246 1795726 1801086 1839936 1844746 1853774 1860494 1873046 1879346 1885520 1897434 1908386 1919190 1924384 1929424 1949234 1952194 1957670 1972544 1975974 1979250 1982386 1988010 1993264 1997926 2005354 2005850 2006880 2007326 2008656 2012430 2013466 2013760 2013904 450
9159077516043 1747291 1761669 1788451 1806896 1819664 1821560 1831264 1843296 1854944 1882855 1890941 1900899 1902369 1910461 1911871 1919045 1927835 1939429 1948401 1955759 1961245 1967875 1968841 1974999 1979541 1982904 1991840 1992536 1996904 2000856 2003664 2007320 2011009 2013151 2014775 2015931 2016105 2017015 450
9509632716675 1780415 1791075 1802385 1818565 1834375 1844765 1854160 1859585 1873065 1878240 1886885 1921465 1936935 1941135 1944040 1948115 1955425 1961960 1987440 1992835 1998425 2003365 2006165 2015475 2021985 2029600 2031575 2034760 2040675 2044535 2049775 2051315 2052115 2053385 2053800 2054325 2055040 2055560 450
9605663825772 1789382 1804208 1815298 1831410 1845120 1855350 1868370 1878560 1890390 1903958 1912768 1923922 1932602 1950718 1954022 1961742 1970608 1977738 1986222 1992432 2001230 2008490 2013760 2020270 2030720 2036762 2040502 2041598 2045008 2049082 2055648 2058462 2060322 2062368 2063698 2064170 2065840 2066150 450
9776869339692 1805258 1812070 1815632 1823618 1880032 1885910 1888978 1895842 1904448 1909978 1912862 1956848 1963962 1968512 1970878 1975298 1982710 2015398 2017232 2020642 2026310 2029482 2031120 2034158 2057920 2060058 2061150 2063152 2066038 2068150 2069042 2079938 2081222 2082080 2082418 2082990 2083472 2083690 450
9866771113563 1813539 1818375 1820496 1835379 1884441 1888656 1894659 1907451 1909215 1913184 1930845 1957611 1969695 1972971 1984359 1987440 1991805 2018520 2029911 2032275 2033304 2035605 2043489 2045589 2065791 2067360 2072616 2073981 2074569 2078505 2081259 2089479 2090361 2091960 2092149 2092545 2092896 2093784 450
9958691247267 1821967 1859872 1864867 1878283 1878720 1899835 1912673 1929032 1932168 1947687 1958957 1973565 1975952 1976285 1986165 1989680 1999333 2013753 2022328 2033017 2035033 2044837 2045065 2051760 2062032 2069613 2082248 2087720 2088680 2091995 2093105 2095947 2099552 2101267 2102863 2103087 2103768 2103775 450
10117877201523 1836471 1863069 1874415 1879605 1899240 1904175 1937376 1945095 1958859 1963104 1966125 1972056 1991409 1997919 2009451 2015496 2026149 2036265 2038491 2041536 2055579 2061345 2073435 2075745 2084160 2088456 2090361 2098824 2108589 2109744 2110539 2113671 2114541 2116215 2119005 2119656 2120400 2120559 450
10138945133772 1838382 1856400 1873248 1884432 1898442 1914528 1924230 1939392 1944462 1953978 1967490 1987440 1999998 2011542 2011962 2019090 2022930 2038890 2054598 2057718 2063490 2066400 2071482 2079168 2089542 2095470 2095680 2099178 2101008 2105922 2112558 2115360 2117232 2118102 2119488 2121210 2122302 2122758 450
10153002595008 1839656 1865920 1872184 1886016 1888600 1896960 1918280 1938440 1940736 1957760 1977976 1995136 2001384 2003264 2012936 2018744 2033304 2048200 2051656 2059144 2060520 2064920 2071680 2076864 2085440 2086504 2094120 2102464 2105016 2109464 2110976 2114624 2116296 2119936 2122456 2122680 2123896 2124200 450
10230492706707 1846663 1875005 1880935 1891617 1897363 1908257 1923152 1948128 1961673 1966547 1975753 1984255 1988805 2009007 2020603 2028185 2038400 2042040 2055088 2058392 2066987 2072785 2080813 2092727 2095093 2099235 2105120 2110472 2117983 2119397 2121795 2124057 2125123 2127643 2130765 2131800 2132208 2132312 450
10694402317872 1888068 1909668 1921452 1935648 1938300 1946880 1962912 1966272 1991808 2009280 2016540 2030028 2032128 2054052 2065908 2073660 2085132 2086812 2102100 2113332 2119260 2127468 2129148 2140320 2141412 2151072 2152320 2157792 2166528 2170272 2171988 2172480 2174820 2175348 2178540 2179788 2180052 2180100 450
10730808767523 1891279 1897245 1912521 1918280 1950559 1963544 1969616 1974765 1992835 2031211 2035584 2040600 2050841 2069160 2077439 2086859 2090361 2093800 2102464 2105675 2116725 2123056 2132769 2135315 2143960 2146209 2151765 2162281 2164195 2167919 2170896 2173885 2179424 2180155 2181751 2182245 2183480 2183671 450
10788418589403 1896349 1906779 1916096 1974896 1983891 1991899 1999015 2000544 2016525 2049264 2061800 2063061 2070016 2074969 2076165 2082755 2087441 2112385 2118779 2122601 2123520 2127671 2128555 2132104 2136799 2137616 2161159 2161760 2164151 2167256 2167789 2170161 2172625 2184889 2186184 2187185 2188095 2189271 450
11152720398603 1928101 1944845 1948591 1969065 1972656 1988160 2010505 2024849 2037576 2040675 2060455 2073071 2091056 2102464 2104991 2115799 2131059 2140635 2142744 2154040 2155979 2164195 2171280 2182511 2188439 2189845 2198440 2203544 2208136 2209109 2214051 2214849 2218041 2221856 2223760 2224121 2225304 2226325 450
11555360953227 1962597 1966293 1996995 2040675 2043888 2056767 2070432 2073435 2098173 2110395 2123823 2132637 2135133 2147457 2155515 2157792 2169000 2178312 2185248 2194920 2196753 2202915 2204643 2211447 2213055 2218437 2231775 2237280 2241897 2242968 2244015 2247453 2251977 2260713 2261217 2264535 2264808 2266152 450
11565749350323 1963479 1973115 1979439 2009889 2024640 2033304 2047395 2052624 2074059 2086941 2099109 2111109 2122680 2129424 2154621 2160585 2164461 2170161 2179296 2196096 2203905 2208381 2211120 2218041 2228181 2233944 2239131 2241120 2243976 2248365 2255715 2258739 2260335 2261304 2262624 2263371 2266719 2267175 450
11948706929523 1995721 2003456 2034480 2071615 2078384 2088099 2099001 2105376 2111655 2156856 2165904 2171169 2176335 2178680 2183701 2191895 2196649 2219991 2229955 2233829 2240095 2243696 2248771 2252120 2257504 2268035 2275040 2278549 2280824 2282995 2286401 2290869 2298296 2299381 2301769 2302104 2302755 2303301 450
12248036634288 2020564 2047136 2077600 2080260 2097524 2104256 2108956 2131584 2153060 2169856 2179424 2192960 2198196 2210884 2215780 2219180 2235324 2236996 2247700 2261636 2267980 2276764 2280096 2288000 2289140 2293024 2300844 2303360 2309216 2316340 2319356 2323244 2323776 2328004 2328704 2331420 2331964 2332876 450
12299773139787 2024827 2048312 2049813 2054153 2072385 2077992 2099475 2104803 2121392 2145913 2158493 2164448 2183195 2203945 2214485 2233000 2244183 2247567 2260272 2272765 2274873 2283512 2286095 2295643 2296232 2297920 2304757 2306773 2314088 2320435 2320815 2326128 2327325 2330717 2331417 2334703 2337152 2337832 450
12652903204032 2053688 2064328 2083432 2096120 2111768 2129400 2138752 2164328 2166528 2175160 2190552 2203320 2226952 2234232 2247128 2253888 2255560 2273600 2283008 2298712 2300032 2305160 2314088 2318680 2337608 2341120 2343912 2347072 2350040 2357992 2361352 2364648 2366168 2366520 2369640 2370368 2371200 2371392 450
12849893909307 2069613 2099160 2106207 2121768 2124675 2134080 2158065 2180745 2183328 2202480 2225223 2244528 2251557 2253672 2264553 2271087 2287467 2304225 2308113 2316537 2318085 2323035 2330640 2336472 2346120 2347317 2355885 2365272 2368143 2373147 2374848 2378952 2380833 2384928 2387763 2388015 2389383 2389725 450
12973097997363 2079511 2099405 2109359 2109629 2128615 2138101 2156175 2185701 2207320 2210269 2225735 2233616 2248120 2268840 2269025 2288265 2300179 2319065 2324339 2332369 2334145 2343291 2347835 2355969 2359875 2367001 2367096 2370480 2376584 2382016 2384536 2390999 2391680 2394381 2394936 2398599 2400671 2401189 450
13272546551628 2103374 2117584 2122666 2190496 2202746 2207114 2218944 2223650 2234566 2274874 2288286 2292160 2297750 2301104 2301494 2310130 2313696 2351440 2354026 2354326 2360930 2361216 2363634 2367504 2370074 2397760 2397954 2399586 2402166 2403856 2407790 2409134 2422614 2423414 2425150 2425696 2426970 2428160 450
13678710447675 2135315 2138575 2165800 2192125 2219960 2223760 2226575 2249975 2252640 2272400 2277265 2295865 2298240 2301400 2323035 2343185 2358185 2360085 2377375 2391675 2395240 2406065 2407965 2420600 2421835 2430675 2432760 2440360 2441285 2448485 2450240 2456415 2460215 2460640 2463565 2463825 2465435 2465535 450
13693871112012 2136498 2149290 2162862 2182278 2201250 2213718 2224992 2231502 2247678 2253888 2264262 2305758 2324322 2329362 2332848 2337738 2346510 2354352 2384928 2391402 2398110 2404038 2407398 2418570 2426382 2435520 2437890 2441712 2448810 2453442 2459730 2461578 2462538 2464062 2464560 2465190 2466048 2466672 450
13971642994092 2158058 2185190 2211950 2215962 2225280 2241392 2249632 2250290 2273502 2299570 2320318 2327728 2339922 2340448 2350338 2368142 2368618 2385222 2400650 2417408 2422310 2430240 2430578 2434698 2446178 2447830 2457840 2466352 2469202 2473648 2477182 2480718 2482578 2486750 2486848 2489760 2491622 2491850 450
14353723178067 2187367 2226952 2234237 2241603 2259368 2273237 2277968 2284633 2307552 2318173 2339467 2351128 2360657 2379663 2384823 2388392 2405723 2410408 2415107 2441712 2461277 2464717 2476155 2481232 2484153 2486913 2495935 2499848 2507115 2510183 2513472 2517025 2518295 2519440 2520187 2523240 2523885 2525705 450
14433484458288 2193436 2208096 2225204 2261760 2274300 2287180 2290260 2314340 2333884 2347936 2355724 2358356 2368996 2378816 2404716 2406964 2415584 2424324 2426396 2442336 2454900 2462020 2468480 2470080 2476460 2496676 2502604 2506784 2510844 2522644 2523276 2525556 2527616 2528064 2530924 2532320 2532700 2532740 450
14775983996592 2219308 2257668 2276092 2290652 2295340 2311232 2341248 2359868 2372188 2376140 2386852 2398340 2414412 2428348 2437460 2442880 2451488 2460640 2463552 2472192 2484092 2491060 2500708 2508380 2510508 2516748 2522052 2523892 2529920 2536352 2546412 2549508 2550548 2553460 2556988 2560740 2562112 2562560 450
15108641132403 2244151 2264829 2299115 2318680 2337104 2367456 2384200 2400736 2400755 2411624 2427061 2441439 2455531 2464745 2468609 2477371 2489655 2489669 2501265 2508771 2511899 2518945 2528459 2528701 2537535 2545920 2551224 2558240 2558416 2564744 2570400 2578576 2578581 2582489 2585611 2589405 2590679 2591281 450
15140327187027 2246503 2258305 2286840 2316480 2322047 2342515 2347827 2352637 2383920 2406635 2410853 2415413 2432073 2436368 2457688 2465197 2469037 2482977 2489760 2505725 2521585 2524473 2527063 2529840 2539768 2554265 2563925 2565627 2567432 2570723 2582157 2584323 2585368 2588768 2590175 2593227 2593975 2594032 450
15286656818667 2257333 2272305 2289560 2334163 2337608 2350832 2362745 2366013 2378545 2416427 2419327 2429568 2440360 2443077 2462733 2486023 2494947 2503535 2513225 2521077 2538887 2545563 2551415 2552992 2558920 2565465 2576728 2580787 2584855 2585843 2592512 2593305 2601248 2603000 2604615 2605603 2605800 2606317 450
15509489769228 2273726 2285506 2317904 2327130 2351440 2357550 2367904 2398656 2413680 2425254 2434250 2439390 2460774 2465554 2473614 2495376 2517200 2521090 2523846 2527616 2546464 2562026 2567110 2569970 2571984 2583966 2588066 2598544 2601830 2610634 2612064 2614354 2616926 2619686 2623530 2624336 2624706 2625454 450
15620942694483 2281881 2310039 2326569 2327511 2352960 2354184 2379405 2393001 2417541 2418339 2453451 2473800 2474736 2485560 2493855 2504019 2504865 2522079 2538096 2547216 2547729 2561295 2569680 2581359 2581761 2592744 2593101 2607864 2615445 2619435 2625021 2625255 2629536 2631384 2632569 2633799 2633856 2634825 450
15785064547707 2293837 2296147 2313272 2327728 2371575 2388848 2390843 2405593 2417987 2419872 2435615 2471392 2495493 2497040 2508415 2509897 2519315 2531193 2557555 2567513 2574715 2575797 2583672 2584687 2614880 2615613 2620863 2621528 2622185 2630537 2639952 2642857 2643160 2644928 2646553 2646735 2647957 2648495 450
15864066554700 2299570 2332400 2340230 2357520 2360750 2371200 2397850 2423050 2425920 2447200 2472470 2493920 2501730 2504080 2516170 2523430 2541630 2560250 2564570 2573930 2575650 2581150 2589600 2596080 2606800 2608130 2617650 2628080 2631270 2636830 2638720 2643280 2645370 2649920 2653070 2653350 2654870 2655250 450
15899241857772 2302118 2318960 2354352 2382562 2397472 2401818 2428608 2442258 2466128 2470622 2482272 2492880 2504502 2518958 2528410 2538718 2548038 2551462 2556450 2568202 2576782 2584010 2591792 2594018 2601248 2607280 2613338 2624320 2625910 2630992 2635642 2639390 2644278 2649920 2652398 2656290 2657382 2658250 450
16013830617603 2310399 2322369 2343861 2358135 2375739 2395575 2406096 2434869 2437344 2447055 2464371 2478735 2505321 2513511 2528019 2535624 2537505 2557800 2568384 2586051 2587536 2593305 2603349 2608515 2629809 2633760 2636901 2640456 2643795 2652741 2656521 2660229 2661939 2662335 2665845 2666664 2667600 2667816 450
16476300154587 2343523 2393265 2394392 2415008 2427607 2440592 2472288 2484223 2501707 2512328 2513225 2539432 2549547 2564263 2573603 2573885 2582905 2595957 2603783 2615667 2623127 2630485 2640673 2647008 2652727 2661243 2661680 2666625 2671520 2678312 2691072 2691325 2694120 2697968 2700103 2704065 2705045 2706067 450
16646921555628 2355626 2369730 2384694 2398256 2414034 2440766 2460374 2485056 2496494 2519426 2531984 2542246 2562714 2577506 2595824 2604186 2612910 2613754 2622110 2629536 2636674 2644070 2650606 2663280 2669950 2672096 2678214 2687930 2692144 2699970 2703274 2706816 2712010 2715106 2718030 2718976 2719664 2719990 450
16710003621675 2360085 2387085 2401815 2419560 2422875 2433600 2453640 2457840 2489760 2511600 2520675 2537535 2540160 2567565 2582385 2592075 2606415 2608515 2627625 2641665 2649075 2659335 2661435 2675400 2676765 2688840 2690400 2697240 2708160 2712840 2714985 2715600 2718525 2719185 2723175 2724735 2725065 2725125 450
16854639170187 2370277 2396015 2401448 2410837 2440305 2445393 2460557 2465477 2500512 2521337 2525705 2545408 2549533 2556632 2578653 2593537 2618952 2622207 2636725 2639728 2653073 2660515 2672313 2674728 2684000 2699067 2700915 2708888 2717245 2719535 2720783 2725968 2726955 2730463 2734935 2736448 2736643 2736872 450
16855336038828 2370326 2384690 2414720 2430974 2444160 2471630 2483946 2499754 2523270 2537830 2548546 2558976 2570656 2580466 2591904 2601074 2611294 2619834 2628080 2637626 2653616 2660570 2669280 2680544 2688006 2694370 2704650 2708944 2712934 2720494 2724106 2726766 2729120 2731456 2733150 2734784 2736594 2736950 450
17420988817323 2409771 2447991 2474745 2483985 2509311 2509584 2542176 2573025 2590269 2594319 2610675 2621619 2636751 2646645 2646840 2660736 2663976 2669784 2676960 2685384 2697279 2704845 2715321 2715459 2722161 2727405 2731365 2733471 2741739 2747040 2754024 2764125 2770131 2771979 2776389 2776431 2780505 2782416 450
17540926424112 2418052 2424500 2427328 2447172 2512588 2518208 2526212 2543268 2545620 2550912 2574460 2610148 2626260 2630628 2645812 2649920 2655740 2691360 2706548 2709700 2711072 2714140 2724652 2727452 2754388 2756480 2763488 2765308 2766092 2771340 2775012 2785972 2787148 2789280 2789532 2790060 2790528 2791712 450
17692064495427 2428447 2448568 2479113 2485485 2517975 2532235 2535645 2562305 2583943 2608123 2611037 2622817 2625623 2647403 2651887 2664853 2671992 2684073 2686367 2695587 2715955 2717925 2732960 2741795 2758472 2764177 2775368 2779863 2780897 2788392 2789808 2793627 2798432 2798928 2800733 2803480 2803640 2804105 450
17987337247152 2448628 2484092 2499220 2506140 2532320 2538900 2583168 2593460 2611812 2617472 2621500 2629408 2655212 2663892 2679268 2687328 2701532 2715020 2717988 2722048 2740772 2748460 2764580 2767660 2778880 2784608 2787148 2798432 2811452 2812992 2814052 2818228 2819388 2821620 2825340 2826208 2827200 2827412 450
18024791348928 2451176 2475200 2497664 2512576 2531256 2552704 2565640 2585856 2592616 2605304 2623320 2649920 2666664 2682056 2682616 2692120 2697240 2718520 2739464 2743624 2751320 2755200 2761976 2772224 2786056 2793960 2794240 2798904 2801344 2807896 2816744 2820480 2822976 2824136 2825984 2828280 2829736 2830344 450
18136664491323 2458771 2469145 2480429 2535360 2544689 2554816 2563855 2571859 2635955 2636741 2643641 2651184 2659335 2666576 2698129 2704555 2711471 2717589 2723560 2749211 2759845 2764671 2768880 2769819 2778256 2803416 2806965 2810024 2812931 2815960 2826629 2828511 2830240 2831969 2833376 2838429 2839075 2839144 450
18762932229132 2500862 2534322 2552112 2556970 2571998 2574208 2604448 2638272 2652560 2665312 2667182 2683408 2697058 2720718 2736422 2746690 2757482 2768402 2780358 2790270 2799238 2807090 2817962 2832102 2839200 2847568 2850880 2858128 2867088 2871330 2875600 2876042 2878798 2881382 2885610 2887430 2887498 2887742 450
19012270787328 2517424 2546224 2561936 2580864 2584400 2595840 2617216 2621696 2655744 2679040 2688720 2706704 2709504 2738736 2754544 2764880 2780176 2782416 2802800 2817776 2825680 2836624 2838864 2853760 2855216 2868096 2869760 2877056 2888704 2893696 2895984 2896640 2899760 2900464 2904720 2906384 2906736 2906800 450
19137557241075 2525705 2558920 2597000 2600325 2621905 2630320 2636195 2664480 2691325 2712320 2724280 2741200 2747745 2763605 2769725 2773975 2794155 2796245 2809625 2827045 2834975 2845955 2850120 2860000 2861425 2866280 2876055 2879200 2886520 2895425 2899195 2904055 2904720 2910005 2910880 2914275 2914955 2916095 450
19195520531187 2529527 2565640 2574253 2593272 2596825 2608320 2637635 2665355 2668512 2691920 2719717 2743312 2751903 2754488 2767787 2775773 2795793 2816275 2821027 2831323 2833215 2839265 2848560 2855688 2867480 2868943 2879415 2890888 2894397 2900513 2902592 2907608 2909907 2914912 2918377 2918685 2920357 2920775 450
19389364497867 2542267 2551003 2573872 2647568 2655107 2674763 2675543 2681952 2689045 2759827 2760472 2765763 2771600 2781727 2786693 2787288 2792165 2837755 2845583 2849392 2849847 2853565 2860728 2864617 2868000 2895543 2898080 2902887 2905448 2907645 2907905 2913953 2929087 2930085 2930200 2932657 2933385 2934008 450
19493395950252 2549078 2569798 2609270 2620898 2628480 2639728 2682358 2692638 2692690 2709362 2740738 2755760 2770222 2778682 2791968 2804970 2810002 2817402 2851040 2851072 2857232 2861210 2879562 2887962 2892750 2900208 2906942 2913232 2915578 2918930 2930902 2932398 2934470 2935728 2940560 2941568 2942758 2943350 450
19642817553723 2558829 2588760 2612064 2615445 2637921 2652819 2664816 2699424 2710491 2732424 2742285 2744976 2762760 2783781 2799849 2810355 2818725 2835105 2842371 2857239 2864121 2872155 2883279 2895984 2905320 2906631 2916960 2924376 2932461 2938065 2938824 2941419 2946216 2948169 2952495 2953425 2954211 2954679 450
19697343044652 2562378 2566290 2598960 2630550 2663952 2668512 2671890 2699970 2703168 2726880 2732718 2755038 2757888 2761680 2787642 2811822 2829822 2832102 2852850 2870010 2874288 2887278 2889558 2904720 2906202 2916810 2919312 2928432 2929542 2938182 2940288 2947698 2952258 2952768 2956278 2956590 2958522 2958642 450
19770161256300 2567110 2580410 2604290 2620150 2639710 2661750 2673440 2705410 2708160 2718950 2738190 2754150 2783690 2792790 2808910 2817360 2819450 2842000 2853760 2873390 2875040 2881450 2892610 2898350 2922010 2926400 2929890 2933840 2937550 2947490 2951690 2955810 2957710 2958150 2962050 2962960 2964000 2964240 450
20009375306508 2582594 2588586 2621696 2626046 2657606 2663040 2692970 2698114 2715586 2746576 2772366 2776774 2800864 2804970 2830240 2834006 2854446 2857904 2876594 2878994 2895984 2898830 2908320 2916576 2924974 2939034 2949794 2951536 2953230 2961910 2962960 2969890 2970954 2976064 2976806 2980416 2981534 2982050 450
20154661062627 2591953 2603952 2604637 2620488 2688785 2699312 2709663 2710253 2723877 2734368 2744105 2799832 2819817 2827825 2828280 2836093 2846735 2854103 2895165 2901197 2909335 2914912 2915227 2920603 2954720 2958473 2958683 2962232 2965775 2969967 2984632 2986333 2987920 2989623 2989688 2990715 2991547 2992385 450
20283650564268 2600234 2649010 2663024 2685696 2687454 2700720 2707936 2743104 2780934 2782416 2793570 2811466 2828826 2845154 2855830 2860914 2869890 2884154 2885246 2910466 2918630 2929934 2939776 2940574 2950246 2955680 2956370 2964160 2971696 2984384 2987530 2987920 2992416 2994726 2995874 3000270 3001790 3002454 450
12346266026754075 64151555 65275925 65283855 65770145 66344200 66409595 66808720 67339945 67774525 67781295 68680625 68735680 69513080 69563845 70324275 70329545 70655045 71021000 71274895 71314880 71905275 71909305 72429175 72459920 72878520 72904755 73060800 73281055 73408775 73428355 73682505 73697520 73894925 73896095 74021025 74054205 74073880 74074000 450
