112.733444
106.6840067
111.650917
105.3281028
110.373383
111.301384
108.189278
112.213249
108.781761
113.0802
109.926323
113.421028
112.053345
112.092926
114.302727
111.59584
111.884415
111.16729
112.138542
111.24279
114.593193
110.823196
109.426277
113.289352
116.326195
112.809364
112.072739
116.848557
115.836082
108.615776
105.959381
108.769936
110.951416
109.688271
106.4996728
109.128517
111.018768
108.550072
107.908089
109.183189
108.541893
112.807892
112.865242
113.699753
112.487724
109.311981
110.5979
109.275864
110.332985
