Hs	Tp	wd	seed	Tmax	Tmin
3.5	7	165	1	128.675568	66.328819
3.5	7	165	2	114.856834	86.316086
3.5	7	165	3	122.387039	87.099159
3.5	7	165	4	111.245834	97.9543
3.5	7	165	5	119.540764	93.56707
3.5	7	165	6	131.44397	86.327576
3.5	7	165	7	117.707565	85.914215
3.5	7	165	8	115.613304	93.722404
3.5	7	165	9	123.102318	84.734428
3.5	7	165	10	122.092896	80.032471
3.5	7	165	11	117.259018	90.34613
3.5	7	165	12	121.980133	82.695
3.5	7	165	13	145.182816	64.780052
3.5	7	165	14	125.428505	78.096169
3.5	7	165	15	134.427795	63.572098
3.5	7	165	16	121.225693	93.609528
3.5	7	165	17	119.57177	84.957336
3.5	7	165	18	118.201294	85.563087
3.5	7	165	19	134.327637	72.684608
3.5	7	165	20	121.034103	90.798668
3.5	7	165	21	120.776062	85.345459
3.5	7	165	22	129.007919	69.993935
3.5	7	165	23	119.782921	82.041801
3.5	7	165	24	121.968513	75.976707
3.5	7	165	25	121.805107	87.016365
3.5	7	165	26	128.482513	83.226273
3.5	7	165	27	133.760986	87.485634
3.5	7	165	28	145.893448	66.563278
3.5	7	165	29	117.975807	88.130211
3.5	7	165	30	115.81649	91.180054
3.5	7	165	31	116.594681	92.0662
3.5	7	165	32	112.421364	94.999809
3.5	7	165	33	128.477463	74.946838
3.5	7	165	34	119.217033	85.756416
3.5	7	165	35	116.92984	94.160789
3.5	7	165	36	123.919853	90.659782
3.5	7	165	37	117.612389	81.296677
3.5	7	165	38	116.741821	92.221458
3.5	7	165	39	112.961761	98.04747
3.5	7	165	40	128.240601	76.07769
3.5	7	165	41	120.095306	90.734436
3.5	7	165	42	118.181015	88.916664
3.5	7	165	43	119.695267	91.267799
3.5	7	165	44	119.993614	93.532257
3.5	7	165	45	140.063721	88.028824
3.5	7	165	46	118.70356	91.757835
3.5	7	165	47	124.345497	90.010223
3.5	7	165	48	114.867126	79.030014
3.5	7	165	49	132.170715	80.568108
3.5	7	165	50	120.213852	87.238922
3.5	7	180	1	128.538269	66.510811
3.5	7	180	2	114.929482	86.285393
3.5	7	180	3	122.407341	87.185555
3.5	7	180	4	111.174126	98.107544
3.5	7	180	5	119.421677	93.552979
3.5	7	180	6	131.301666	86.415756
3.5	7	180	7	117.380562	85.951698
3.5	7	180	8	115.274574	93.974228
3.5	7	180	9	123.224892	85.057785
3.5	7	180	10	122.073189	80.176231
3.5	7	180	11	117.310226	90.331177
3.5	7	180	12	121.825798	83.295837
3.5	7	180	13	145.010086	64.747589
3.5	7	180	14	125.345039	78.144119
3.5	7	180	15	134.23851	63.617611
3.5	7	180	16	121.239586	93.839653
3.5	7	180	17	119.288048	85.218002
3.5	7	180	18	118.251717	85.543739
3.5	7	180	19	134.215164	72.755348
3.5	7	180	20	120.621918	91.119347
3.5	7	180	21	120.55851	85.720238
3.5	7	180	22	128.976532	69.987465
3.5	7	180	23	119.641968	82.464806
3.5	7	180	24	121.799622	76.636818
3.5	7	180	25	121.795456	87.101349
3.5	7	180	26	128.516388	83.217377
3.5	7	180	27	133.866272	87.708931
3.5	7	180	28	145.623413	66.706993
3.5	7	180	29	117.749374	88.125961
3.5	7	180	30	115.453712	91.397743
3.5	7	180	31	116.651901	92.24308
3.5	7	180	32	112.264694	95.282478
3.5	7	180	33	128.458496	75.05249
3.5	7	180	34	118.486778	86.130386
3.5	7	180	35	116.584885	94.677551
3.5	7	180	36	123.260025	90.684883
3.5	7	180	37	117.674507	81.342926
3.5	7	180	38	115.907646	92.400284
3.5	7	180	39	113.289024	98.104767
3.5	7	180	40	128.008148	76.178513
3.5	7	180	41	120.24469	91.013046
3.5	7	180	42	118.143723	89.135643
3.5	7	180	43	119.742546	91.406235
3.5	7	180	44	119.96759	93.396049
3.5	7	180	45	140.064362	87.941414
3.5	7	180	46	118.736641	91.897659
3.5	7	180	47	124.200554	90.205177
3.5	7	180	48	114.741196	79.042946
3.5	7	180	49	132.498459	80.829132
3.5	7	180	50	120.261841	87.195503
3.5	7	195	1	128.711349	66.316544
3.5	7	195	2	114.865402	86.315941
3.5	7	195	3	122.379318	87.096153
3.5	7	195	4	111.182518	97.998093
3.5	7	195	5	119.544243	93.562241
3.5	7	195	6	131.377228	86.418526
3.5	7	195	7	117.671394	85.917557
3.5	7	195	8	115.607796	93.731026
3.5	7	195	9	123.097206	84.719055
3.5	7	195	10	122.086647	79.988846
3.5	7	195	11	117.240723	90.321251
3.5	7	195	12	122.000404	82.564438
3.5	7	195	13	145.17688	64.762375
3.5	7	195	14	125.385948	78.055748
3.5	7	195	15	134.390335	63.568375
3.5	7	195	16	121.26136	93.667854
3.5	7	195	17	119.516548	84.894081
3.5	7	195	18	118.29882	85.525146
3.5	7	195	19	134.307541	72.675148
3.5	7	195	20	121.044815	90.783287
3.5	7	195	21	120.787903	85.326141
3.5	7	195	22	129.049561	69.982849
3.5	7	195	23	119.729965	82.026909
3.5	7	195	24	121.945435	75.992355
3.5	7	195	25	121.814026	86.976456
3.5	7	195	26	128.487076	83.213188
3.5	7	195	27	133.657059	87.345932
3.5	7	195	28	145.818207	66.539375
3.5	7	195	29	117.956856	88.10128
3.5	7	195	30	115.757965	91.272751
3.5	7	195	31	116.65023	92.067986
3.5	7	195	32	112.321449	94.883331
3.5	7	195	33	128.487473	75.001366
3.5	7	195	34	119.167336	85.786484
3.5	7	195	35	116.971992	94.122574
3.5	7	195	36	123.896179	90.654343
3.5	7	195	37	117.606514	81.309677
3.5	7	195	38	116.759026	92.250458
3.5	7	195	39	112.918381	98.030373
3.5	7	195	40	128.265015	76.048935
3.5	7	195	41	120.028473	90.649071
3.5	7	195	42	118.200439	88.897209
3.5	7	195	43	119.663078	91.26268
3.5	7	195	44	120.005768	93.62925
3.5	7	195	45	140.051758	87.999725
3.5	7	195	46	118.742317	91.851715
3.5	7	195	47	124.347153	89.859467
3.5	7	195	48	114.886749	79.036606
3.5	7	195	49	132.158279	80.416809
3.5	7	195	50	120.258041	87.139183
3.5	8	165	1	127.0037	68.627068
3.5	8	165	2	111.157532	94.128983
3.5	8	165	3	119.139359	85.076035
3.5	8	165	4	112.203491	96.892265
3.5	8	165	5	117.356529	87.397835
3.5	8	165	6	112.831635	91.118935
3.5	8	165	7	141.326294	65.990257
3.5	8	165	8	115.516663	92.825592
3.5	8	165	9	118.212914	81.506363
3.5	8	165	10	121.730499	85.458488
3.5	8	165	11	118.407791	89.035248
3.5	8	165	12	123.179886	89.288017
3.5	8	165	13	116.590942	91.411156
3.5	8	165	14	120.884888	75.680634
3.5	8	165	15	122.658409	83.082451
3.5	8	165	16	120.68734	94.624222
3.5	8	165	17	120.59243	92.09346
3.5	8	165	18	120.790581	86.107925
3.5	8	165	19	120.784988	93.689041
3.5	8	165	20	119.717911	84.780396
3.5	8	165	21	119.410919	84.368622
3.5	8	165	22	134.556229	65.111481
3.5	8	165	23	125.46537	85.824356
3.5	8	165	24	117.664268	85.663177
3.5	8	165	25	120.472992	88.534645
3.5	8	165	26	132.546158	81.404587
3.5	8	165	27	133.08757	71.437531
3.5	8	165	28	140.797882	81.422348
3.5	8	165	29	124.246887	76.856422
3.5	8	165	30	118.302589	86.131668
3.5	8	165	31	113.964272	92.893486
3.5	8	165	32	115.223152	90.709267
3.5	8	165	33	128.365204	87.293587
3.5	8	165	34	118.105949	91.398941
3.5	8	165	35	116.571548	88.638802
3.5	8	165	36	126.22168	81.842148
3.5	8	165	37	121.38784	93.58123
3.5	8	165	38	117.441826	91.576805
3.5	8	165	39	115.834915	90.418198
3.5	8	165	40	124.28746	79.50177
3.5	8	165	41	114.296051	89.801697
3.5	8	165	42	120.052315	88.276703
3.5	8	165	43	116.651665	87.872955
3.5	8	165	44	118.328438	85.958801
3.5	8	165	45	128.206177	84.923767
3.5	8	165	46	117.324959	88.027542
3.5	8	165	47	124.83033	72.785088
3.5	8	165	48	116.667862	91.795273
3.5	8	165	49	119.381577	84.907173
3.5	8	165	50	116.009102	89.857315
3.5	8	180	1	126.992294	68.632057
3.5	8	180	2	110.811165	94.179718
3.5	8	180	3	119.319855	85.442673
3.5	8	180	4	112.367035	96.941711
3.5	8	180	5	116.987083	87.967896
3.5	8	180	6	112.873947	91.217331
3.5	8	180	7	141.307983	66.105629
3.5	8	180	8	115.430649	92.926712
3.5	8	180	9	118.077744	81.811401
3.5	8	180	10	121.706306	85.517998
3.5	8	180	11	118.316727	89.26194
3.5	8	180	12	123.147812	89.542618
3.5	8	180	13	116.549866	91.560623
3.5	8	180	14	120.560204	76.020622
3.5	8	180	15	122.482712	83.083626
3.5	8	180	16	120.683556	94.785759
3.5	8	180	17	120.355095	92.20372
3.5	8	180	18	120.662308	86.11412
3.5	8	180	19	120.587822	93.452934
3.5	8	180	20	119.520775	85.105301
3.5	8	180	21	119.393692	84.514198
3.5	8	180	22	134.512894	65.221596
3.5	8	180	23	125.346069	85.747864
3.5	8	180	24	117.548042	85.622971
3.5	8	180	25	120.409828	88.555069
3.5	8	180	26	132.541748	81.43293
3.5	8	180	27	133.146606	71.533356
3.5	8	180	28	140.555267	81.42907
3.5	8	180	29	124.424438	77.184418
3.5	8	180	30	118.375969	86.306099
3.5	8	180	31	114.086937	92.926056
3.5	8	180	32	115.391136	90.916794
3.5	8	180	33	128.279709	87.367691
3.5	8	180	34	118.118103	91.617767
3.5	8	180	35	116.488701	88.691681
3.5	8	180	36	126.190987	81.894592
3.5	8	180	37	121.329117	93.881226
3.5	8	180	38	117.502403	91.78257
3.5	8	180	39	115.546486	90.589127
3.5	8	180	40	124.173561	79.721481
3.5	8	180	41	114.232368	90.008308
3.5	8	180	42	119.998611	88.939606
3.5	8	180	43	116.244354	88.136841
3.5	8	180	44	118.553085	86.064529
3.5	8	180	45	128.083344	84.89502
3.5	8	180	46	117.293976	88.209587
3.5	8	180	47	124.952759	73.038162
3.5	8	180	48	116.55941	91.859894
3.5	8	180	49	119.230217	85.044281
3.5	8	180	50	115.90731	89.854866
3.5	8	195	1	127.003975	68.62693
3.5	8	195	2	111.188316	94.109421
3.5	8	195	3	119.099846	85.003136
3.5	8	195	4	112.21286	96.876984
3.5	8	195	5	117.341591	87.425346
3.5	8	195	6	112.786751	91.091988
3.5	8	195	7	141.345215	65.948021
3.5	8	195	8	115.542221	92.841011
3.5	8	195	9	118.223022	81.476479
3.5	8	195	10	121.729935	85.466919
3.5	8	195	11	118.419891	89.040558
3.5	8	195	12	123.198738	89.35862
3.5	8	195	13	116.603622	91.480888
3.5	8	195	14	120.911079	75.659477
3.5	8	195	15	122.70192	83.083305
3.5	8	195	16	120.704742	94.614532
3.5	8	195	17	120.569527	92.114296
3.5	8	195	18	120.770584	86.142799
3.5	8	195	19	120.77916	93.631866
3.5	8	195	20	119.715393	84.688919
3.5	8	195	21	119.446434	84.364502
3.5	8	195	22	134.565399	65.066635
3.5	8	195	23	125.448029	85.84864
3.5	8	195	24	117.692535	85.73526
3.5	8	195	25	120.465775	88.5532
3.5	8	195	26	132.582703	81.39344
3.5	8	195	27	133.08136	71.429314
3.5	8	195	28	140.741501	81.408615
3.5	8	195	29	124.240349	76.867035
3.5	8	195	30	118.273064	86.125259
3.5	8	195	31	113.960083	92.924057
3.5	8	195	32	115.244812	90.661751
3.5	8	195	33	128.395889	87.286972
3.5	8	195	34	118.107407	91.503998
3.5	8	195	35	116.508125	88.696869
3.5	8	195	36	126.213554	81.836021
3.5	8	195	37	121.348	93.601517
3.5	8	195	38	117.44339	91.524483
3.5	8	195	39	115.879074	90.312981
3.5	8	195	40	124.236526	79.487648
3.5	8	195	41	114.293686	89.809822
3.5	8	195	42	120.067329	88.237541
3.5	8	195	43	116.606667	87.833908
3.5	8	195	44	118.387123	85.745003
3.5	8	195	45	128.163177	84.919922
3.5	8	195	46	117.314377	88.022903
3.5	8	195	47	124.811356	72.728477
3.5	8	195	48	116.626938	91.811386
3.5	8	195	49	119.311897	84.930412
3.5	8	195	50	115.983749	89.81279
3.5	9	165	1	115.570663	71.063751
3.5	9	165	2	112.045128	95.26622
3.5	9	165	3	118.857552	84.188896
3.5	9	165	4	112.758705	96.657936
3.5	9	165	5	113.854286	86.445099
3.5	9	165	6	113.458	91.582603
3.5	9	165	7	129.260696	67.738861
3.5	9	165	8	114.917633	93.294228
3.5	9	165	9	119.793709	83.987137
3.5	9	165	10	118.120003	88.05954
3.5	9	165	11	119.049042	89.773994
3.5	9	165	12	123.202209	89.370903
3.5	9	165	13	113.87706	97.208466
3.5	9	165	14	116.997635	78.527458
3.5	9	165	15	119.40905	90.483139
3.5	9	165	16	120.828918	92.809982
3.5	9	165	17	120.660988	93.481964
3.5	9	165	18	120.183456	91.036942
3.5	9	165	19	118.478073	93.257942
3.5	9	165	20	119.15358	88.131378
3.5	9	165	21	119.92543	90.100914
3.5	9	165	22	128.38237	71.432167
3.5	9	165	23	123.372322	88.609489
3.5	9	165	24	120.672333	86.089333
3.5	9	165	25	120.416824	86.588791
3.5	9	165	26	125.263687	83.632362
3.5	9	165	27	131.34874	72.196304
3.5	9	165	28	134.465515	79.4879
3.5	9	165	29	122.110931	79.074707
3.5	9	165	30	115.096687	91.539108
3.5	9	165	31	113.748596	96.050934
3.5	9	165	32	114.892006	93.966141
3.5	9	165	33	123.862854	87.715942
3.5	9	165	34	118.29557	92.970604
3.5	9	165	35	114.241859	91.835815
3.5	9	165	36	124.657219	77.698174
3.5	9	165	37	118.298035	93.068558
3.5	9	165	38	116.299255	92.360046
3.5	9	165	39	115.615303	90.215935
3.5	9	165	40	122.122803	82.658134
3.5	9	165	41	114.887909	88.506607
3.5	9	165	42	120.383606	91.505844
3.5	9	165	43	118.514763	88.810768
3.5	9	165	44	119.003571	90.603912
3.5	9	165	45	114.797569	91.757896
3.5	9	165	46	117.947731	90.64286
3.5	9	165	47	120.67173	74.087822
3.5	9	165	48	114.990234	92.6632
3.5	9	165	49	116.857483	85.87014
3.5	9	165	50	114.999222	91.898308
3.5	9	180	1	115.499779	71.078247
3.5	9	180	2	112.056099	95.499893
3.5	9	180	3	118.81498	84.403358
3.5	9	180	4	112.773888	96.81591
3.5	9	180	5	113.657997	86.843513
3.5	9	180	6	113.244858	91.689667
3.5	9	180	7	129.233826	67.812004
3.5	9	180	8	114.774239	93.380745
3.5	9	180	9	119.727982	84.328995
3.5	9	180	10	118.146065	88.03447
3.5	9	180	11	118.957115	89.866699
3.5	9	180	12	123.190971	89.640541
3.5	9	180	13	113.859009	97.219131
3.5	9	180	14	117.023468	78.644859
3.5	9	180	15	119.42746	90.447639
3.5	9	180	16	120.838684	92.919754
3.5	9	180	17	120.602509	93.570541
3.5	9	180	18	120.173058	91.260284
3.5	9	180	19	118.563805	93.298332
3.5	9	180	20	119.345978	88.248833
3.5	9	180	21	119.841621	90.148392
3.5	9	180	22	128.36232	71.59684
3.5	9	180	23	123.166656	88.537476
3.5	9	180	24	120.568886	86.066048
3.5	9	180	25	120.25647	86.841049
3.5	9	180	26	125.152336	83.793045
3.5	9	180	27	131.20903	72.375168
3.5	9	180	28	134.373947	79.414253
3.5	9	180	29	122.018982	79.305603
3.5	9	180	30	114.909622	91.522675
3.5	9	180	31	113.62439	96.104713
3.5	9	180	32	114.805099	94.001221
3.5	9	180	33	123.799652	87.699974
3.5	9	180	34	118.249878	93.178177
3.5	9	180	35	114.505646	91.838676
3.5	9	180	36	124.574554	77.751991
3.5	9	180	37	118.193878	93.180283
3.5	9	180	38	116.36013	92.500992
3.5	9	180	39	115.135117	90.955757
3.5	9	180	40	122.132057	82.809708
3.5	9	180	41	114.841415	88.59034
3.5	9	180	42	120.378716	92.058174
3.5	9	180	43	118.650864	89.146332
3.5	9	180	44	118.96949	90.938393
3.5	9	180	45	114.883316	91.840736
3.5	9	180	46	117.870483	90.836884
3.5	9	180	47	120.685608	74.207214
3.5	9	180	48	114.902878	92.809959
3.5	9	180	49	116.568726	85.955086
3.5	9	180	50	114.963882	91.814049
3.5	9	195	1	115.562134	71.066811
3.5	9	195	2	112.016068	95.327209
3.5	9	195	3	118.846237	84.157158
3.5	9	195	4	112.739388	96.603531
3.5	9	195	5	113.843208	86.409271
3.5	9	195	6	113.439636	91.57029
3.5	9	195	7	129.254074	67.683495
3.5	9	195	8	114.931694	93.300369
3.5	9	195	9	119.803223	83.976517
3.5	9	195	10	118.115166	88.049522
3.5	9	195	11	119.038818	89.773529
3.5	9	195	12	123.22126	89.355293
3.5	9	195	13	113.857414	97.156425
3.5	9	195	14	117.026329	78.530945
3.5	9	195	15	119.403816	90.488922
3.5	9	195	16	120.847443	92.761909
3.5	9	195	17	120.634392	93.521385
3.5	9	195	18	120.188202	91.050629
3.5	9	195	19	118.477394	93.2687
3.5	9	195	20	119.146866	88.034264
3.5	9	195	21	119.953987	90.098572
3.5	9	195	22	128.385391	71.420135
3.5	9	195	23	123.343544	88.554764
3.5	9	195	24	120.662819	86.068733
3.5	9	195	25	120.412041	86.619286
3.5	9	195	26	125.29689	83.639664
3.5	9	195	27	131.329941	72.172638
3.5	9	195	28	134.429352	79.496819
3.5	9	195	29	122.098068	79.032021
3.5	9	195	30	115.063934	91.555061
3.5	9	195	31	113.742989	96.028343
3.5	9	195	32	114.931	93.92646
3.5	9	195	33	123.893997	87.705727
3.5	9	195	34	118.297951	93.03965
3.5	9	195	35	114.207176	91.922462
3.5	9	195	36	124.653046	77.706512
3.5	9	195	37	118.301399	93.050491
3.5	9	195	38	116.31926	92.334724
3.5	9	195	39	115.60759	90.198784
3.5	9	195	40	122.158859	82.641037
3.5	9	195	41	114.888237	88.508865
3.5	9	195	42	120.399178	91.487877
3.5	9	195	43	118.500916	88.795395
3.5	9	195	44	119.05584	90.678185
3.5	9	195	45	114.826805	91.773071
3.5	9	195	46	117.941833	90.665237
3.5	9	195	47	120.684593	74.076904
3.5	9	195	48	114.997414	92.672615
3.5	9	195	49	116.799171	85.903656
3.5	9	195	50	115.001114	91.880035
3.5	10	165	1	115.586464	87.899231
3.5	10	165	2	110.633217	95.841835
3.5	10	165	3	117.45005	86.096329
3.5	10	165	4	112.7127	95.684708
3.5	10	165	5	113.114014	84.676521
3.5	10	165	6	113.13295	99.700478
3.5	10	165	7	115.697754	87.121384
3.5	10	165	8	111.178947	94.646004
3.5	10	165	9	118.546967	88.161606
3.5	10	165	10	116.289886	78.431061
3.5	10	165	11	120.238159	90.730522
3.5	10	165	12	122.965881	83.439072
3.5	10	165	13	116.461166	99.619743
3.5	10	165	14	119.047905	80.917107
3.5	10	165	15	115.82476	85.353104
3.5	10	165	16	120.898445	91.101295
3.5	10	165	17	117.101585	95.130684
3.5	10	165	18	118.075157	83.427078
3.5	10	165	19	116.415237	90.229889
3.5	10	165	20	117.261681	89.874046
3.5	10	165	21	120.521179	94.041245
3.5	10	165	22	128.406647	61.757793
3.5	10	165	23	118.139572	85.839554
3.5	10	165	24	121.749268	82.442261
3.5	10	165	25	118.598991	90.613708
3.5	10	165	26	121.669754	84.710098
3.5	10	165	27	121.983391	81.513283
3.5	10	165	28	131.158997	84.949165
3.5	10	165	29	119.887993	79.421951
3.5	10	165	30	117.575569	92.747787
3.5	10	165	31	114.053963	95.901985
3.5	10	165	32	112.992218	97.118439
3.5	10	165	33	120.020409	84.581078
3.5	10	165	34	117.225975	89.7314
3.5	10	165	35	115.858574	97.494621
3.5	10	165	36	118.908989	93.667923
3.5	10	165	37	120.539345	92.210785
3.5	10	165	38	115.390793	91.352074
3.5	10	165	39	115.112541	88.22052
3.5	10	165	40	121.986465	89.393547
3.5	10	165	41	113.926498	90.196701
3.5	10	165	42	120.700012	84.752151
3.5	10	165	43	118.945702	87.291435
3.5	10	165	44	119.767738	94.787949
3.5	10	165	45	115.267944	92.334946
3.5	10	165	46	119.546989	89.65995
3.5	10	165	47	120.697212	83.675034
3.5	10	165	48	115.520889	94.007248
3.5	10	165	49	113.140312	94.151733
3.5	10	165	50	116.9468	90.155281
3.5	10	180	1	115.554871	87.951904
3.5	10	180	2	110.449364	96.211678
3.5	10	180	3	117.500328	86.131004
3.5	10	180	4	112.681435	95.88839
3.5	10	180	5	113.029549	84.94355
3.5	10	180	6	113.22287	99.595734
3.5	10	180	7	115.663902	87.184959
3.5	10	180	8	111.16851	94.69239
3.5	10	180	9	118.477821	88.686035
3.5	10	180	10	116.33683	78.435585
3.5	10	180	11	120.21608	91.004959
3.5	10	180	12	122.965408	83.540962
3.5	10	180	13	116.618286	99.499672
3.5	10	180	14	119.072067	81.140572
3.5	10	180	15	115.81588	85.349937
3.5	10	180	16	120.905159	91.537315
3.5	10	180	17	117.100792	95.32798
3.5	10	180	18	117.933395	83.584099
3.5	10	180	19	116.379189	90.300659
3.5	10	180	20	117.264145	90.183464
3.5	10	180	21	120.450768	94.218651
3.5	10	180	22	128.331253	62.028606
3.5	10	180	23	118.065651	86.006828
3.5	10	180	24	121.792404	82.478661
3.5	10	180	25	118.633453	90.782539
3.5	10	180	26	121.544235	84.830414
3.5	10	180	27	121.932953	81.564941
3.5	10	180	28	131.055756	85.055519
3.5	10	180	29	120.032051	79.707344
3.5	10	180	30	117.612953	92.812508
3.5	10	180	31	113.951523	95.804298
3.5	10	180	32	112.960182	97.218628
3.5	10	180	33	119.913887	84.569695
3.5	10	180	34	117.19796	90.067734
3.5	10	180	35	115.888374	97.506538
3.5	10	180	36	118.830254	93.913506
3.5	10	180	37	120.351234	92.424454
3.5	10	180	38	115.350349	91.389053
3.5	10	180	39	115.190208	88.402153
3.5	10	180	40	121.995033	89.722855
3.5	10	180	41	113.909142	90.248077
3.5	10	180	42	120.714928	84.994164
3.5	10	180	43	119.006752	87.85083
3.5	10	180	44	119.794518	94.968163
3.5	10	180	45	115.2005	92.525703
3.5	10	180	46	119.529198	89.875168
3.5	10	180	47	120.645462	83.692238
3.5	10	180	48	115.470047	94.064217
3.5	10	180	49	113.302521	94.231262
3.5	10	180	50	116.922577	90.249496
3.5	10	195	1	115.579544	87.88147
3.5	10	195	2	110.652145	95.774384
3.5	10	195	3	117.468124	86.085953
3.5	10	195	4	112.698586	95.723495
3.5	10	195	5	113.122704	84.632172
3.5	10	195	6	113.147362	99.689545
3.5	10	195	7	115.703857	87.136856
3.5	10	195	8	111.171974	94.644165
3.5	10	195	9	118.563843	88.094154
3.5	10	195	10	116.295456	78.427094
3.5	10	195	11	120.230637	90.734344
3.5	10	195	12	122.985237	83.445206
3.5	10	195	13	116.416794	99.604675
3.5	10	195	14	119.060005	80.897079
3.5	10	195	15	115.814476	85.379471
3.5	10	195	16	120.915154	91.036858
3.5	10	195	17	117.113747	95.154259
3.5	10	195	18	118.07988	83.41507
3.5	10	195	19	116.415283	90.222816
3.5	10	195	20	117.270714	89.836411
3.5	10	195	21	120.546509	94.034668
3.5	10	195	22	128.417038	61.759075
3.5	10	195	23	118.115005	85.853233
3.5	10	195	24	121.740265	82.410927
3.5	10	195	25	118.601852	90.629639
3.5	10	195	26	121.675812	84.716904
3.5	10	195	27	121.978516	81.494553
3.5	10	195	28	131.130173	84.924652
3.5	10	195	29	119.870064	79.421227
3.5	10	195	30	117.578362	92.71843
3.5	10	195	31	114.077652	95.897102
3.5	10	195	32	112.957825	97.079689
3.5	10	195	33	120.050957	84.56501
3.5	10	195	34	117.229027	89.731956
3.5	10	195	35	115.832253	97.467003
3.5	10	195	36	118.913422	93.633141
3.5	10	195	37	120.543732	92.197769
3.5	10	195	38	115.379524	91.328644
3.5	10	195	39	115.104027	88.173271
3.5	10	195	40	122.021881	89.400192
3.5	10	195	41	113.914299	90.198524
3.5	10	195	42	120.7174	84.738037
3.5	10	195	43	118.929619	87.306839
3.5	10	195	44	119.820335	94.764778
3.5	10	195	45	115.247246	92.300461
3.5	10	195	46	119.546318	89.66581
3.5	10	195	47	120.684723	83.701202
3.5	10	195	48	115.531578	94.028412
3.5	10	195	49	113.15535	94.159302
3.5	10	195	50	116.946701	90.128258
3.5	11	165	1	113.478104	90.261894
3.5	11	165	2	109.870171	97.501411
3.5	11	165	3	118.002983	82.723061
3.5	11	165	4	113.903389	99.074936
3.5	11	165	5	113.341049	93.203232
3.5	11	165	6	113.501534	99.536102
3.5	11	165	7	114.747223	96.332344
3.5	11	165	8	113.909599	96.323608
3.5	11	165	9	120.142189	86.643974
3.5	11	165	10	116.796883	93.36573
3.5	11	165	11	120.461113	89.006035
3.5	11	165	12	122.914612	87.009789
3.5	11	165	13	116.776443	95.799599
3.5	11	165	14	118.576447	82.674042
3.5	11	165	15	117.454208	94.933655
3.5	11	165	16	121.114929	91.252625
3.5	11	165	17	116.918541	95.022217
3.5	11	165	18	116.075012	82.34227
3.5	11	165	19	116.68924	89.1763
3.5	11	165	20	116.831192	89.997383
3.5	11	165	21	121.453232	91.758583
3.5	11	165	22	127.429604	67.412277
3.5	11	165	23	116.587387	88.656303
3.5	11	165	24	118.749077	85.008606
3.5	11	165	25	118.685234	97.272736
3.5	11	165	26	120.336006	85.958786
3.5	11	165	27	118.376778	89.178833
3.5	11	165	28	125.46785	92.061935
3.5	11	165	29	117.703773	83.222328
3.5	11	165	30	115.483482	94.26239
3.5	11	165	31	112.71743	96.983932
3.5	11	165	32	114.972137	96.325073
3.5	11	165	33	118.75206	88.167587
3.5	11	165	34	118.956352	94.881569
3.5	11	165	35	117.335823	90.040115
3.5	11	165	36	116.7314	86.720528
3.5	11	165	37	119.254799	92.644791
3.5	11	165	38	118.512093	89.727509
3.5	11	165	39	116.788681	91.498367
3.5	11	165	40	122.227783	95.70475
3.5	11	165	41	113.339127	100.895599
3.5	11	165	42	120.493118	81.729767
3.5	11	165	43	117.446457	88.886665
3.5	11	165	44	119.553116	95.561661
3.5	11	165	45	115.506561	96.91407
3.5	11	165	46	119.602898	89.433044
3.5	11	165	47	121.671555	86.854485
3.5	11	165	48	116.006836	95.448898
3.5	11	165	49	114.595314	95.486778
3.5	11	165	50	115.273865	95.631119
3.5	11	180	1	113.483009	90.284256
3.5	11	180	2	109.927422	97.657066
3.5	11	180	3	118.046875	82.777527
3.5	11	180	4	113.705688	99.386711
3.5	11	180	5	113.06797	93.419365
3.5	11	180	6	113.49144	99.573074
3.5	11	180	7	114.727386	96.348946
3.5	11	180	8	113.854027	96.343475
3.5	11	180	9	120.065002	87.042786
3.5	11	180	10	116.846817	93.423645
3.5	11	180	11	120.456535	89.173744
3.5	11	180	12	122.927261	87.033752
3.5	11	180	13	116.82785	95.830605
3.5	11	180	14	118.458687	82.915344
3.5	11	180	15	117.408897	94.960388
3.5	11	180	16	121.115181	91.388847
3.5	11	180	17	116.802567	95.166565
3.5	11	180	18	115.959793	82.442818
3.5	11	180	19	116.668167	89.138466
3.5	11	180	20	117.009537	90.08371
3.5	11	180	21	121.402916	91.760719
3.5	11	180	22	127.383293	67.524033
3.5	11	180	23	116.69622	88.78743
3.5	11	180	24	118.711548	85.16626
3.5	11	180	25	118.629051	97.211197
3.5	11	180	26	120.267021	86.075294
3.5	11	180	27	118.385773	89.187752
3.5	11	180	28	125.35479	92.070374
3.5	11	180	29	117.611702	83.287163
3.5	11	180	30	115.436272	94.339005
3.5	11	180	31	112.625412	97.012695
3.5	11	180	32	114.808067	96.582649
3.5	11	180	33	118.568825	88.231224
3.5	11	180	34	118.925293	94.857651
3.5	11	180	35	117.223755	90.40947
3.5	11	180	36	116.677849	86.75193
3.5	11	180	37	119.196892	92.758743
3.5	11	180	38	118.373917	89.788956
3.5	11	180	39	116.660713	91.648094
3.5	11	180	40	122.247147	95.729675
3.5	11	180	41	113.378174	100.867897
3.5	11	180	42	120.497826	81.827126
3.5	11	180	43	117.600662	89.203934
3.5	11	180	44	119.581779	95.597946
3.5	11	180	45	115.424088	97.123657
3.5	11	180	46	119.581871	89.424911
3.5	11	180	47	121.571411	86.991669
3.5	11	180	48	115.954384	95.453003
3.5	11	180	49	114.598923	95.402824
3.5	11	180	50	115.327988	95.657547
3.5	11	195	1	113.477013	90.264145
3.5	11	195	2	109.875412	97.451294
3.5	11	195	3	118.008789	82.703224
3.5	11	195	4	113.908195	99.070793
3.5	11	195	5	113.345581	93.234695
3.5	11	195	6	113.475624	99.558624
3.5	11	195	7	114.757118	96.346901
3.5	11	195	8	113.919601	96.317596
3.5	11	195	9	120.160194	86.545013
3.5	11	195	10	116.80088	93.384369
3.5	11	195	11	120.457878	89.028702
3.5	11	195	12	122.932053	87.007698
3.5	11	195	13	116.766106	95.818497
3.5	11	195	14	118.582779	82.670555
3.5	11	195	15	117.455086	94.93454
3.5	11	195	16	121.128517	91.272835
3.5	11	195	17	116.929367	95.069229
3.5	11	195	18	116.090561	82.366318
3.5	11	195	19	116.690384	89.137482
3.5	11	195	20	116.786842	89.939995
3.5	11	195	21	121.472191	91.733078
3.5	11	195	22	127.435112	67.409981
3.5	11	195	23	116.607758	88.691574
3.5	11	195	24	118.758629	85.005051
3.5	11	195	25	118.655426	97.219109
3.5	11	195	26	120.34124	85.964905
3.5	11	195	27	118.371719	89.176346
3.5	11	195	28	125.446358	92.060669
3.5	11	195	29	117.700432	83.185989
3.5	11	195	30	115.468391	94.226822
3.5	11	195	31	112.711395	96.971512
3.5	11	195	32	114.933662	96.298264
3.5	11	195	33	118.782509	88.160416
3.5	11	195	34	118.958511	94.858299
3.5	11	195	35	117.304276	90.031227
3.5	11	195	36	116.733589	86.725388
3.5	11	195	37	119.259735	92.612785
3.5	11	195	38	118.50901	89.71682
3.5	11	195	39	116.79052	91.517555
3.5	11	195	40	122.264557	95.649376
3.5	11	195	41	113.318649	100.919212
3.5	11	195	42	120.506615	81.667809
3.5	11	195	43	117.444794	88.908752
3.5	11	195	44	119.6026	95.551796
3.5	11	195	45	115.496399	96.995056
3.5	11	195	46	119.605377	89.419159
3.5	11	195	47	121.653809	86.874191
3.5	11	195	48	116.001579	95.446877
3.5	11	195	49	114.575577	95.478905
3.5	11	195	50	115.28083	95.623444
3.5	12	165	1	116.417915	94.13588
3.5	12	165	2	114.424973	96.93573
3.5	12	165	3	118.459518	84.856339
3.5	12	165	4	112.685707	94.614792
3.5	12	165	5	113.601105	97.639366
3.5	12	165	6	113.732834	98.030632
3.5	12	165	7	115.2314	94.008278
3.5	12	165	8	114.759666	96.746773
3.5	12	165	9	120.183098	84.23938
3.5	12	165	10	117.923676	94.065331
3.5	12	165	11	120.2771	89.603676
3.5	12	165	12	122.526657	93.519722
3.5	12	165	13	115.86441	98.051796
3.5	12	165	14	118.641579	85.862213
3.5	12	165	15	118.110718	91.236267
3.5	12	165	16	120.752136	91.016045
3.5	12	165	17	115.834305	92.318047
3.5	12	165	18	118.372543	93.793816
3.5	12	165	19	117.251595	95.803925
3.5	12	165	20	116.620148	86.770828
3.5	12	165	21	122.046997	84.118858
3.5	12	165	22	126.971725	68.68885
3.5	12	165	23	116.977608	94.191414
3.5	12	165	24	119.924377	91.578232
3.5	12	165	25	112.05072	98.92865
3.5	12	165	26	118.076691	87.50853
3.5	12	165	27	116.762115	88.955566
3.5	12	165	28	121.811676	88.953865
3.5	12	165	29	117.910881	86.237984
3.5	12	165	30	117.789978	95.276917
3.5	12	165	31	114.512405	98.142998
3.5	12	165	32	114.095634	93.707748
3.5	12	165	33	118.661865	87.615257
3.5	12	165	34	117.453407	94.395996
3.5	12	165	35	116.813568	96.593262
3.5	12	165	36	116.164703	79.779343
3.5	12	165	37	117.011826	93.801506
3.5	12	165	38	117.235207	87.796822
3.5	12	165	39	116.333351	88.564751
3.5	12	165	40	122.111565	94.768028
3.5	12	165	41	113.77401	98.444664
3.5	12	165	42	120.297577	92.788383
3.5	12	165	43	115.668701	87.622047
3.5	12	165	44	119.942627	94.782425
3.5	12	165	45	114.536705	96.936836
3.5	12	165	46	119.192024	92.109871
3.5	12	165	47	115.998978	74.614372
3.5	12	165	48	117.248398	92.349892
3.5	12	165	49	116.112251	92.820465
3.5	12	165	50	115.248619	95.601936
3.5	12	180	1	116.421608	94.192924
3.5	12	180	2	114.514572	96.843155
3.5	12	180	3	118.468887	84.875908
3.5	12	180	4	112.757866	94.684105
3.5	12	180	5	113.486092	97.756775
3.5	12	180	6	113.825272	97.937721
3.5	12	180	7	115.171921	94.172554
3.5	12	180	8	114.695175	96.755882
3.5	12	180	9	120.145676	84.456215
3.5	12	180	10	117.968674	94.068123
3.5	12	180	11	120.276428	89.692093
3.5	12	180	12	122.529907	93.510872
3.5	12	180	13	115.631264	98.115746
3.5	12	180	14	118.639511	85.892738
3.5	12	180	15	118.078575	91.30719
3.5	12	180	16	120.755951	91.008324
3.5	12	180	17	115.837059	92.502632
3.5	12	180	18	118.285278	93.863441
3.5	12	180	19	117.091393	95.908478
3.5	12	180	20	116.316238	87.330368
3.5	12	180	21	122.034012	84.326195
3.5	12	180	22	126.922249	68.73999
3.5	12	180	23	116.975914	94.167709
3.5	12	180	24	119.907524	91.520874
3.5	12	180	25	111.939072	98.978424
3.5	12	180	26	118.139389	87.591293
3.5	12	180	27	116.749817	88.971115
3.5	12	180	28	121.7724	89.005852
3.5	12	180	29	117.921036	86.282417
3.5	12	180	30	117.825974	95.331566
3.5	12	180	31	114.466072	98.117104
3.5	12	180	32	113.823174	94.004646
3.5	12	180	33	118.617683	87.64624
3.5	12	180	34	117.406975	94.472694
3.5	12	180	35	116.827377	96.790558
3.5	12	180	36	115.972443	79.861771
3.5	12	180	37	116.978119	94.196198
3.5	12	180	38	117.200851	87.957336
3.5	12	180	39	116.233406	88.834679
3.5	12	180	40	122.130173	94.838875
3.5	12	180	41	113.766701	98.506363
3.5	12	180	42	120.313065	92.78022
3.5	12	180	43	115.567993	87.87648
3.5	12	180	44	119.942299	94.962997
3.5	12	180	45	114.465942	96.939262
3.5	12	180	46	119.163948	92.13092
3.5	12	180	47	115.943214	74.686455
3.5	12	180	48	117.17765	92.443024
3.5	12	180	49	116.039833	92.966217
3.5	12	180	50	115.033096	95.620041
3.5	12	195	1	116.438499	94.150406
3.5	12	195	2	114.431412	96.882698
3.5	12	195	3	118.451569	84.862061
3.5	12	195	4	112.690804	94.632431
3.5	12	195	5	113.586777	97.704453
3.5	12	195	6	113.709305	98.042717
3.5	12	195	7	115.247498	94.003937
3.5	12	195	8	114.75235	96.741135
3.5	12	195	9	120.192551	84.177231
3.5	12	195	10	117.918076	94.08741
3.5	12	195	11	120.277191	89.631233
3.5	12	195	12	122.546288	93.530563
3.5	12	195	13	115.856277	98.035339
3.5	12	195	14	118.641258	85.875252
3.5	12	195	15	118.09819	91.25843
3.5	12	195	16	120.762054	90.998901
3.5	12	195	17	115.835831	92.319237
3.5	12	195	18	118.372139	93.79705
3.5	12	195	19	117.242264	95.802055
3.5	12	195	20	116.637016	86.741776
3.5	12	195	21	122.059776	84.058411
3.5	12	195	22	126.978813	68.687485
3.5	12	195	23	116.980522	94.170364
3.5	12	195	24	119.931923	91.577438
3.5	12	195	25	112.035606	98.943481
3.5	12	195	26	118.083092	87.512268
3.5	12	195	27	116.763847	88.958557
3.5	12	195	28	121.795868	88.945923
3.5	12	195	29	117.91423	86.217163
3.5	12	195	30	117.795105	95.247337
3.5	12	195	31	114.522171	98.132324
3.5	12	195	32	114.069748	93.646187
3.5	12	195	33	118.657158	87.614883
3.5	12	195	34	117.45977	94.397316
3.5	12	195	35	116.806686	96.603088
3.5	12	195	36	116.165779	79.776756
3.5	12	195	37	117.022728	93.796867
3.5	12	195	38	117.234871	87.774658
3.5	12	195	39	116.328896	88.630898
3.5	12	195	40	122.144508	94.775993
3.5	12	195	41	113.769943	98.432716
3.5	12	195	42	120.310097	92.766815
3.5	12	195	43	115.680626	87.625847
3.5	12	195	44	119.973671	94.693527
3.5	12	195	45	114.527283	96.974808
3.5	12	195	46	119.197365	92.065071
3.5	12	195	47	116.016953	74.614159
3.5	12	195	48	117.237686	92.354942
3.5	12	195	49	116.093857	92.832603
3.5	12	195	50	115.260605	95.592918
3.5	13	165	1	116.107155	95.364502
3.5	13	165	2	113.274628	95.300789
3.5	13	165	3	118.611649	86.509026
3.5	13	165	4	113.963684	96.71244
3.5	13	165	5	114.909927	97.590408
3.5	13	165	6	108.616768	98.649948
3.5	13	165	7	119.459457	87.589363
3.5	13	165	8	115.15696	97.431709
3.5	13	165	9	120.124855	89.819191
3.5	13	165	10	113.428886	96.247643
3.5	13	165	11	120.298195	91.017609
3.5	13	165	12	122.395035	91.794785
3.5	13	165	13	114.312935	91.337563
3.5	13	165	14	117.351959	92.051804
3.5	13	165	15	117.459488	90.180412
3.5	13	165	16	120.342125	93.174736
3.5	13	165	17	118.340523	93.241669
3.5	13	165	18	115.870689	94.121162
3.5	13	165	19	116.848579	95.235825
3.5	13	165	20	118.027428	83.7593
3.5	13	165	21	121.429436	81.003456
3.5	13	165	22	120.451057	90.30555
3.5	13	165	23	115.843063	92.730896
3.5	13	165	24	119.125603	89.91832
3.5	13	165	25	106.724953	93.003143
3.5	13	165	26	117.87365	90.227356
3.5	13	165	27	118.82914	93.503159
3.5	13	165	28	119.378601	94.90995
3.5	13	165	29	116.478416	88.824608
3.5	13	165	30	115.405418	92.814766
3.5	13	165	31	117.77417	94.783386
3.5	13	165	32	112.533607	99.981659
3.5	13	165	33	120.744873	92.325333
3.5	13	165	34	111.886703	96.424561
3.5	13	165	35	114.300095	97.470558
3.5	13	165	36	115.745621	91.142288
3.5	13	165	37	116.748421	91.778069
3.5	13	165	38	117.258301	87.003235
3.5	13	165	39	113.941391	91.534225
3.5	13	165	40	122.374046	95.83564
3.5	13	165	41	115.494164	96.725716
3.5	13	165	42	120.992928	91.33989
3.5	13	165	43	118.02507	88.283516
3.5	13	165	44	120.072395	96.214272
3.5	13	165	45	113.731262	96.502304
3.5	13	165	46	119.867683	95.976555
3.5	13	165	47	115.858543	77.371521
3.5	13	165	48	116.672142	93.234138
3.5	13	165	49	117.63369	92.88842
3.5	13	165	50	115.27253	94.004036
3.5	13	180	1	116.060074	95.32473
3.5	13	180	2	113.160828	95.463135
3.5	13	180	3	118.598991	86.541977
3.5	13	180	4	113.984154	96.719566
3.5	13	180	5	114.799889	97.74102
3.5	13	180	6	108.630226	98.716087
3.5	13	180	7	119.427238	87.714386
3.5	13	180	8	115.162201	97.487846
3.5	13	180	9	120.114449	89.889526
3.5	13	180	10	113.306198	96.30365
3.5	13	180	11	120.305229	91.07531
3.5	13	180	12	122.39502	91.841705
3.5	13	180	13	114.348282	91.510704
3.5	13	180	14	117.382858	92.155174
3.5	13	180	15	117.409874	90.16703
3.5	13	180	16	120.354767	93.280319
3.5	13	180	17	118.302444	93.345711
3.5	13	180	18	115.928368	94.225647
3.5	13	180	19	116.819984	95.362953
3.5	13	180	20	117.935036	84.13549
3.5	13	180	21	121.42392	81.16188
3.5	13	180	22	120.408875	90.379776
3.5	13	180	23	115.815765	92.785591
3.5	13	180	24	119.137154	90.030235
3.5	13	180	25	106.658363	93.144943
3.5	13	180	26	117.858658	90.281815
3.5	13	180	27	118.838531	93.526779
3.5	13	180	28	119.355309	94.929733
3.5	13	180	29	116.306747	88.827148
3.5	13	180	30	115.276337	92.84037
3.5	13	180	31	117.65377	94.99073
3.5	13	180	32	112.33712	100.025131
3.5	13	180	33	120.730438	92.360695
3.5	13	180	34	111.875229	96.501381
3.5	13	180	35	114.243042	97.517838
3.5	13	180	36	115.684502	91.299652
3.5	13	180	37	116.721054	91.895889
3.5	13	180	38	117.165657	87.134003
3.5	13	180	39	113.832283	91.563843
3.5	13	180	40	122.381744	95.99646
3.5	13	180	41	115.401924	96.865654
3.5	13	180	42	120.992676	91.372177
3.5	13	180	43	118.07383	88.476196
3.5	13	180	44	120.083328	96.359451
3.5	13	180	45	113.557983	96.716003
3.5	13	180	46	119.871208	95.975525
3.5	13	180	47	115.801025	77.440399
3.5	13	180	48	116.581947	93.230034
3.5	13	180	49	117.576866	92.956848
3.5	13	180	50	115.142204	94.256157
3.5	13	195	1	116.116867	95.348183
3.5	13	195	2	113.265053	95.306381
3.5	13	195	3	118.614365	86.503677
3.5	13	195	4	113.987473	96.682266
3.5	13	195	5	114.917381	97.592514
3.5	13	195	6	108.596855	98.651146
3.5	13	195	7	119.480629	87.54937
3.5	13	195	8	115.178787	97.452332
3.5	13	195	9	120.130394	89.801208
3.5	13	195	10	113.432709	96.217598
3.5	13	195	11	120.300354	91.031868
3.5	13	195	12	122.409531	91.763077
3.5	13	195	13	114.307816	91.330971
3.5	13	195	14	117.363289	92.076241
3.5	13	195	15	117.457138	90.175865
3.5	13	195	16	120.361572	93.172531
3.5	13	195	17	118.347137	93.242302
3.5	13	195	18	115.864616	94.128662
3.5	13	195	19	116.858345	95.275536
3.5	13	195	20	118.058205	83.692207
3.5	13	195	21	121.438232	80.950729
3.5	13	195	22	120.44323	90.319092
3.5	13	195	23	115.842003	92.701889
3.5	13	195	24	119.156174	89.910797
3.5	13	195	25	106.708855	92.992317
3.5	13	195	26	117.872795	90.225662
3.5	13	195	27	118.828377	93.481262
3.5	13	195	28	119.372314	94.926193
3.5	13	195	29	116.438248	88.790604
3.5	13	195	30	115.410637	92.797295
3.5	13	195	31	117.772568	94.773849
3.5	13	195	32	112.584511	100.011772
3.5	13	195	33	120.748627	92.303207
3.5	13	195	34	111.851349	96.42572
3.5	13	195	35	114.297333	97.457314
3.5	13	195	36	115.772995	91.138649
3.5	13	195	37	116.751579	91.79702
3.5	13	195	38	117.270576	86.985329
3.5	13	195	39	113.930389	91.478096
3.5	13	195	40	122.38726	95.850563
3.5	13	195	41	115.488274	96.717484
3.5	13	195	42	121.004791	91.304237
3.5	13	195	43	118.032166	88.278389
3.5	13	195	44	120.104988	96.234238
3.5	13	195	45	113.730614	96.479431
3.5	13	195	46	119.877029	96.000412
3.5	13	195	47	115.853912	77.369591
3.5	13	195	48	116.679504	93.218208
3.5	13	195	49	117.640327	92.884705
3.5	13	195	50	115.283463	93.994942
3.5	14	165	1	116.527618	91.317078
3.5	14	165	2	113.140892	100.780136
3.5	14	165	3	119.633575	84.882683
3.5	14	165	4	115.91069	98.231903
3.5	14	165	5	113.867836	94.624565
3.5	14	165	6	110.260376	98.761086
3.5	14	165	7	115.089172	92.019196
3.5	14	165	8	111.625259	97.184242
3.5	14	165	9	119.670723	90.591164
3.5	14	165	10	112.907288	97.564888
3.5	14	165	11	119.681068	93.088776
3.5	14	165	12	122.095688	91.955742
3.5	14	165	13	114.01004	89.085182
3.5	14	165	14	117.218567	87.540207
3.5	14	165	15	117.457817	96.235023
3.5	14	165	16	120.34301	90.951736
3.5	14	165	17	120.051872	95.94577
3.5	14	165	18	117.02964	96.951965
3.5	14	165	19	112.115311	96.828644
3.5	14	165	20	118.042938	87.409515
3.5	14	165	21	121.465584	86.009712
3.5	14	165	22	116.985283	85.489288
3.5	14	165	23	116.630531	94.5429
3.5	14	165	24	119.872971	85.917877
3.5	14	165	25	107.2286	100.526405
3.5	14	165	26	117.985382	90.01123
3.5	14	165	27	115.907082	93.641052
3.5	14	165	28	118.503639	94.892792
3.5	14	165	29	119.049484	92.171814
3.5	14	165	30	116.889793	88.160324
3.5	14	165	31	116.479897	95.572708
3.5	14	165	32	110.865715	99.46212
3.5	14	165	33	120.061882	92.702393
3.5	14	165	34	115.983521	95.49987
3.5	14	165	35	116.303139	96.437744
3.5	14	165	36	115.246117	97.237717
3.5	14	165	37	114.180954	99.081367
3.5	14	165	38	115.172867	95.360832
3.5	14	165	39	115.217224	92.382393
3.5	14	165	40	122.634094	93.406364
3.5	14	165	41	116.155609	96.863495
3.5	14	165	42	120.68808	92.886978
3.5	14	165	43	118.377571	87.858841
3.5	14	165	44	120.497177	92.156281
3.5	14	165	45	113.732483	94.391243
3.5	14	165	46	119.694176	93.329987
3.5	14	165	47	116.615486	101.197784
3.5	14	165	48	116.870949	95.170479
3.5	14	165	49	116.606346	93.514557
3.5	14	165	50	117.279289	93.976593
3.5	14	180	1	116.502495	91.363304
3.5	14	180	2	113.014488	100.715881
3.5	14	180	3	119.622444	84.921913
3.5	14	180	4	115.893005	98.249321
3.5	14	180	5	113.781693	94.881744
3.5	14	180	6	110.179993	98.826027
3.5	14	180	7	114.959969	92.050697
3.5	14	180	8	111.552132	97.17598
3.5	14	180	9	119.661667	90.69223
3.5	14	180	10	112.804802	97.57225
3.5	14	180	11	119.688065	93.137894
3.5	14	180	12	122.095154	91.973022
3.5	14	180	13	114.039055	89.310204
3.5	14	180	14	117.204437	87.628662
3.5	14	180	15	117.374382	96.232941
3.5	14	180	16	120.354134	91.021614
3.5	14	180	17	120.048088	96.051743
3.5	14	180	18	116.963776	97.093803
3.5	14	180	19	112.11512	96.993248
3.5	14	180	20	118.059021	87.498322
3.5	14	180	21	121.463615	86.13839
3.5	14	180	22	116.920135	85.746536
3.5	14	180	23	116.53849	94.579407
3.5	14	180	24	119.884659	86.029701
3.5	14	180	25	107.209564	100.483414
3.5	14	180	26	117.992882	90.035538
3.5	14	180	27	115.870003	93.654701
3.5	14	180	28	118.480637	94.960365
3.5	14	180	29	119.056664	92.222771
3.5	14	180	30	116.786362	88.362434
3.5	14	180	31	116.355576	95.562454
3.5	14	180	32	110.831314	99.476158
3.5	14	180	33	120.039658	92.75843
3.5	14	180	34	115.923798	95.596901
3.5	14	180	35	116.225311	96.591301
3.5	14	180	36	115.113823	97.419624
3.5	14	180	37	114.164955	99.012436
3.5	14	180	38	115.142227	95.364159
3.5	14	180	39	115.216705	92.561424
3.5	14	180	40	122.641304	93.434479
3.5	14	180	41	116.037666	96.946861
3.5	14	180	42	120.672478	93.049515
3.5	14	180	43	118.35157	88.032318
3.5	14	180	44	120.511688	92.126022
3.5	14	180	45	113.625954	94.719574
3.5	14	180	46	119.693489	93.366142
3.5	14	180	47	116.610588	101.223503
3.5	14	180	48	116.804504	95.25071
3.5	14	180	49	116.562904	93.692429
3.5	14	180	50	117.068542	94.107948
3.5	14	195	1	116.526649	91.305115
3.5	14	195	2	113.145073	100.769661
3.5	14	195	3	119.638878	84.877411
3.5	14	195	4	115.921555	98.216507
3.5	14	195	5	113.863678	94.626228
3.5	14	195	6	110.256508	98.761841
3.5	14	195	7	115.080856	92.013
3.5	14	195	8	111.647026	97.177032
3.5	14	195	9	119.673531	90.586639
3.5	14	195	10	112.914604	97.560722
3.5	14	195	11	119.678314	93.101891
3.5	14	195	12	122.110725	91.919868
3.5	14	195	13	113.994179	89.092232
3.5	14	195	14	117.227493	87.520279
3.5	14	195	15	117.458626	96.237129
3.5	14	195	16	120.362648	90.939194
3.5	14	195	17	120.062263	95.935364
3.5	14	195	18	117.014847	96.950439
3.5	14	195	19	112.118149	96.844223
3.5	14	195	20	118.056854	87.380524
3.5	14	195	21	121.472549	86.033867
3.5	14	195	22	116.976868	85.508408
3.5	14	195	23	116.614731	94.534203
3.5	14	195	24	119.899994	85.926834
3.5	14	195	25	107.254463	100.50325
3.5	14	195	26	117.993813	90.008606
3.5	14	195	27	115.912712	93.622856
3.5	14	195	28	118.501595	94.90406
3.5	14	195	29	119.053459	92.172722
3.5	14	195	30	116.893318	88.155212
3.5	14	195	31	116.467697	95.569298
3.5	14	195	32	110.889954	99.460121
3.5	14	195	33	120.073936	92.680183
3.5	14	195	34	115.990334	95.485489
3.5	14	195	35	116.310112	96.420326
3.5	14	195	36	115.254852	97.207718
3.5	14	195	37	114.177734	99.09333
3.5	14	195	38	115.157784	95.337929
3.5	14	195	39	115.179443	92.374123
3.5	14	195	40	122.647316	93.412292
3.5	14	195	41	116.149658	96.853477
3.5	14	195	42	120.698181	92.861763
3.5	14	195	43	118.389694	87.84816
3.5	14	195	44	120.526802	92.128052
3.5	14	195	45	113.730438	94.375732
3.5	14	195	46	119.701408	93.321884
3.5	14	195	47	116.602325	101.204147
3.5	14	195	48	116.873558	95.16111
3.5	14	195	49	116.61068	93.525314
3.5	14	195	50	117.286484	93.957687
2.5	5	165	1	126.634338	86.190453
2.5	5	165	2	110.415489	97.44693
2.5	5	165	3	116.101212	95.084953
2.5	5	165	4	110.844582	98.497452
2.5	5	165	5	115.230515	92.663879
2.5	5	165	6	119.661316	90.729012
2.5	5	165	7	115.687004	95.92598
2.5	5	165	8	119.628212	91.295303
2.5	5	165	9	115.89518	97.302422
2.5	5	165	10	128.849472	87.244591
2.5	5	165	11	116.404533	93.610992
2.5	5	165	12	118.975647	89.370682
2.5	5	165	13	127.218552	88.175163
2.5	5	165	14	120.344139	90.413536
2.5	5	165	15	133.455017	89.21891
2.5	5	165	16	117.452721	96.566124
2.5	5	165	17	115.547508	91.96196
2.5	5	165	18	120.267914	90.759621
2.5	5	165	19	123.611053	89.989822
2.5	5	165	20	125.415878	89.521896
2.5	5	165	21	118.016586	93.383606
2.5	5	165	22	123.000732	92.675972
2.5	5	165	23	117.712975	93.242241
2.5	5	165	24	129.082489	85.022377
2.5	5	165	25	138.302063	77.424797
2.5	5	165	26	126.114349	94.235405
2.5	5	165	27	119.129395	91.390312
2.5	5	165	28	133.158279	73.626251
2.5	5	165	29	119.570869	89.810394
2.5	5	165	30	113.735809	95.824608
2.5	5	165	31	110.318016	96.152237
2.5	5	165	32	114.959923	94.943367
2.5	5	165	33	122.414536	92.197968
2.5	5	165	34	119.873009	95.509048
2.5	5	165	35	110.33371	99.604225
2.5	5	165	36	115.916969	93.041687
2.5	5	165	37	116.959511	91.301666
2.5	5	165	38	115.229813	94.990738
2.5	5	165	39	113.938477	91.929665
2.5	5	165	40	114.645897	95.647652
2.5	5	165	41	117.53083	93.68618
2.5	5	165	42	125.447533	87.702118
2.5	5	165	43	126.943695	88.43956
2.5	5	165	44	119.389587	86.449623
2.5	5	165	45	115.190666	92.679764
2.5	5	165	46	113.780975	93.771408
2.5	5	165	47	122.439667	87.434334
2.5	5	165	48	116.378006	91.272774
2.5	5	165	49	122.602692	92.350655
2.5	5	165	50	112.168602	92.980553
2.5	5	180	1	126.347931	86.292168
2.5	5	180	2	110.606934	97.500381
2.5	5	180	3	116.078392	95.342522
2.5	5	180	4	110.795395	98.446701
2.5	5	180	5	114.499199	92.620064
2.5	5	180	6	119.64254	90.652504
2.5	5	180	7	115.594643	96.405251
2.5	5	180	8	119.592407	91.296387
2.5	5	180	9	115.599731	97.351357
2.5	5	180	10	128.215927	87.504852
2.5	5	180	11	115.82457	94.094536
2.5	5	180	12	118.695206	89.67662
2.5	5	180	13	127.08979	88.384506
2.5	5	180	14	120.027496	90.930199
2.5	5	180	15	133.366501	89.184074
2.5	5	180	16	117.440941	96.681175
2.5	5	180	17	115.087868	92.881393
2.5	5	180	18	120.182396	90.973846
2.5	5	180	19	122.90921	89.848145
2.5	5	180	20	124.945381	89.869156
2.5	5	180	21	117.987289	93.702141
2.5	5	180	22	122.986748	92.87175
2.5	5	180	23	117.305885	93.769485
2.5	5	180	24	128.600632	85.567406
2.5	5	180	25	138.120667	77.601891
2.5	5	180	26	125.833817	94.241135
2.5	5	180	27	119.126877	91.604012
2.5	5	180	28	132.853195	73.847931
2.5	5	180	29	119.564896	89.945045
2.5	5	180	30	113.677422	95.844856
2.5	5	180	31	110.23912	96.354515
2.5	5	180	32	114.978722	94.904274
2.5	5	180	33	122.288048	92.227715
2.5	5	180	34	118.9058	95.650055
2.5	5	180	35	110.053383	99.73645
2.5	5	180	36	115.855263	93.007797
2.5	5	180	37	116.920525	91.450447
2.5	5	180	38	115.313911	95.087029
2.5	5	180	39	113.700363	92.170952
2.5	5	180	40	114.375435	95.626671
2.5	5	180	41	117.348633	93.796936
2.5	5	180	42	124.936447	87.700836
2.5	5	180	43	127.365669	88.357094
2.5	5	180	44	119.605141	87.126534
2.5	5	180	45	115.159615	92.781059
2.5	5	180	46	113.349495	94.304115
2.5	5	180	47	122.276398	87.355042
2.5	5	180	48	116.383736	91.288193
2.5	5	180	49	122.072319	92.532326
2.5	5	180	50	112.261635	93.102989
2.5	5	195	1	126.659233	86.178055
2.5	5	195	2	110.326851	97.484673
2.5	5	195	3	116.091064	95.121559
2.5	5	195	4	110.798409	98.450539
2.5	5	195	5	115.195564	92.706268
2.5	5	195	6	119.670761	90.747704
2.5	5	195	7	115.732468	96.043022
2.5	5	195	8	119.598877	91.353981
2.5	5	195	9	115.910049	97.291298
2.5	5	195	10	128.925919	87.269714
2.5	5	195	11	116.485527	93.566124
2.5	5	195	12	118.924095	89.466988
2.5	5	195	13	127.259102	88.202164
2.5	5	195	14	120.387222	90.413025
2.5	5	195	15	133.447083	89.247414
2.5	5	195	16	117.514679	96.506546
2.5	5	195	17	115.569046	92.168571
2.5	5	195	18	120.235008	90.774109
2.5	5	195	19	123.5812	89.902481
2.5	5	195	20	125.338768	89.581795
2.5	5	195	21	118.054581	93.434914
2.5	5	195	22	123.014526	92.615913
2.5	5	195	23	117.76432	93.258614
2.5	5	195	24	129.100525	84.970276
2.5	5	195	25	138.321732	77.520493
2.5	5	195	26	126.142372	94.250999
2.5	5	195	27	119.163719	91.382523
2.5	5	195	28	133.091461	73.581001
2.5	5	195	29	119.554047	89.826004
2.5	5	195	30	113.748627	95.761147
2.5	5	195	31	110.420616	96.181374
2.5	5	195	32	114.953247	94.89109
2.5	5	195	33	122.373878	92.196373
2.5	5	195	34	119.79953	95.632736
2.5	5	195	35	110.40625	99.663315
2.5	5	195	36	115.927185	93.053001
2.5	5	195	37	116.978874	91.235085
2.5	5	195	38	115.324432	95.139053
2.5	5	195	39	113.909012	92.000969
2.5	5	195	40	114.686661	95.690376
2.5	5	195	41	117.509682	93.675522
2.5	5	195	42	125.389503	87.772644
2.5	5	195	43	126.876945	88.493256
2.5	5	195	44	119.390343	86.4814
2.5	5	195	45	115.170128	92.69223
2.5	5	195	46	113.730438	93.833366
2.5	5	195	47	122.391632	87.362602
2.5	5	195	48	116.37571	91.290092
2.5	5	195	49	122.492355	92.468254
2.5	5	195	50	112.130768	93.005798
2.5	6	165	1	116.760147	89.550987
2.5	6	165	2	112.80323	92.102425
2.5	6	165	3	114.157799	94.260506
2.5	6	165	4	107.180824	100.194466
2.5	6	165	5	114.082741	96.352303
2.5	6	165	6	113.017456	98.639343
2.5	6	165	7	113.639549	93.00428
2.5	6	165	8	117.397614	94.114273
2.5	6	165	9	116.65976	93.26873
2.5	6	165	10	124.845337	85.00927
2.5	6	165	11	113.994354	92.550293
2.5	6	165	12	116.656227	95.839516
2.5	6	165	13	124.632896	86.23896
2.5	6	165	14	116.027252	92.108955
2.5	6	165	15	119.259491	91.653931
2.5	6	165	16	119.154671	89.116158
2.5	6	165	17	116.256378	93.422142
2.5	6	165	18	116.898743	89.597206
2.5	6	165	19	116.313477	87.223572
2.5	6	165	20	111.927147	93.687637
2.5	6	165	21	119.103683	93.743393
2.5	6	165	22	120.462425	83.989128
2.5	6	165	23	115.772697	94.213341
2.5	6	165	24	124.515541	82.964195
2.5	6	165	25	127.556206	79.316711
2.5	6	165	26	120.587814	90.559128
2.5	6	165	27	117.746582	93.838097
2.5	6	165	28	129.996445	82.172699
2.5	6	165	29	118.697884	83.846497
2.5	6	165	30	114.697098	89.338638
2.5	6	165	31	111.890671	98.245552
2.5	6	165	32	110.059067	98.174843
2.5	6	165	33	123.537712	85.267578
2.5	6	165	34	114.501884	91.966812
2.5	6	165	35	114.330124	94.47789
2.5	6	165	36	114.092049	90.654305
2.5	6	165	37	113.796967	93.063866
2.5	6	165	38	113.166794	92.279533
2.5	6	165	39	109.978241	98.243378
2.5	6	165	40	116.524147	92.406723
2.5	6	165	41	116.075294	92.265823
2.5	6	165	42	112.5952	95.379311
2.5	6	165	43	125.522552	84.743057
2.5	6	165	44	118.776146	88.853813
2.5	6	165	45	115.362305	95.101486
2.5	6	165	46	115.991631	93.642921
2.5	6	165	47	119.235802	90.267136
2.5	6	165	48	114.191216	99.160667
2.5	6	165	49	117.453911	87.458641
2.5	6	165	50	114.231552	97.246368
2.5	6	180	1	116.703178	89.641068
2.5	6	180	2	113.076645	92.4478
2.5	6	180	3	114.163887	94.638496
2.5	6	180	4	107.391365	100.06543
2.5	6	180	5	113.917648	96.291862
2.5	6	180	6	113.100609	98.773781
2.5	6	180	7	113.260338	93.455688
2.5	6	180	8	117.427071	94.140388
2.5	6	180	9	116.071159	93.935516
2.5	6	180	10	124.72348	85.200302
2.5	6	180	11	114.171387	92.476402
2.5	6	180	12	116.646164	96.07415
2.5	6	180	13	124.550491	86.238091
2.5	6	180	14	116.108795	92.007164
2.5	6	180	15	119.099983	91.63147
2.5	6	180	16	119.090103	89.601883
2.5	6	180	17	116.138176	93.380936
2.5	6	180	18	116.812134	89.695473
2.5	6	180	19	116.580856	87.262909
2.5	6	180	20	112.424385	93.421585
2.5	6	180	21	119.111992	94.326187
2.5	6	180	22	120.25959	84.30246
2.5	6	180	23	115.828239	94.331581
2.5	6	180	24	124.15715	83.375854
2.5	6	180	25	127.36985	79.373047
2.5	6	180	26	120.490883	90.64666
2.5	6	180	27	118.092445	94.064354
2.5	6	180	28	129.876541	82.474945
2.5	6	180	29	118.481956	84.135857
2.5	6	180	30	114.724121	89.48185
2.5	6	180	31	111.964653	98.088516
2.5	6	180	32	109.898399	98.489357
2.5	6	180	33	123.451363	85.400635
2.5	6	180	34	113.856628	92.288727
2.5	6	180	35	114.039734	94.524902
2.5	6	180	36	114.130608	90.539337
2.5	6	180	37	113.705727	93.131233
2.5	6	180	38	113.088173	92.12114
2.5	6	180	39	109.838539	98.354248
2.5	6	180	40	116.2687	92.79808
2.5	6	180	41	115.560066	92.854202
2.5	6	180	42	112.358467	95.685471
2.5	6	180	43	125.369255	84.856285
2.5	6	180	44	118.717323	89.150291
2.5	6	180	45	115.412048	95.163933
2.5	6	180	46	115.779472	93.949463
2.5	6	180	47	119.03215	90.4869
2.5	6	180	48	114.304176	99.187515
2.5	6	180	49	117.426872	87.607506
2.5	6	180	50	114.196335	97.321167
2.5	6	195	1	116.806519	89.523033
2.5	6	195	2	112.783012	92.135818
2.5	6	195	3	114.172752	94.289085
2.5	6	195	4	107.108574	100.114746
2.5	6	195	5	114.10984	96.307381
2.5	6	195	6	112.977814	98.605141
2.5	6	195	7	113.685738	93.193497
2.5	6	195	8	117.416626	94.117844
2.5	6	195	9	116.716835	93.298828
2.5	6	195	10	124.851463	84.993401
2.5	6	195	11	113.98159	92.587166
2.5	6	195	12	116.639328	95.856323
2.5	6	195	13	124.602348	86.204414
2.5	6	195	14	116.045296	92.080208
2.5	6	195	15	119.242584	91.638412
2.5	6	195	16	119.208618	89.210716
2.5	6	195	17	116.253212	93.423012
2.5	6	195	18	116.98497	89.541649
2.5	6	195	19	116.3181	87.158218
2.5	6	195	20	111.936592	93.628891
2.5	6	195	21	119.167145	93.687714
2.5	6	195	22	120.484177	84.062386
2.5	6	195	23	115.755035	94.200302
2.5	6	195	24	124.512108	82.947319
2.5	6	195	25	127.657181	79.432968
2.5	6	195	26	120.581329	90.561165
2.5	6	195	27	117.708626	93.729195
2.5	6	195	28	129.940918	82.12925
2.5	6	195	29	118.736755	83.883591
2.5	6	195	30	114.733429	89.342506
2.5	6	195	31	111.863701	98.211594
2.5	6	195	32	110.087982	98.162369
2.5	6	195	33	123.539986	85.295799
2.5	6	195	34	114.508446	91.943298
2.5	6	195	35	114.346909	94.609184
2.5	6	195	36	114.091438	90.620544
2.5	6	195	37	113.795609	92.993698
2.5	6	195	38	113.170525	92.20388
2.5	6	195	39	109.924904	98.285843
2.5	6	195	40	116.582077	92.397247
2.5	6	195	41	115.989235	92.403961
2.5	6	195	42	112.591766	95.420547
2.5	6	195	43	125.494278	84.730011
2.5	6	195	44	118.814133	88.807838
2.5	6	195	45	115.400436	95.11116
2.5	6	195	46	116.008339	93.604942
2.5	6	195	47	119.173325	90.330711
2.5	6	195	48	114.209755	99.194588
2.5	6	195	49	117.439285	87.465866
2.5	6	195	50	114.214867	97.238853
2.5	7	165	1	119.857948	82.908394
2.5	7	165	2	110.633415	93.128326
2.5	7	165	3	114.076332	94.678062
2.5	7	165	4	107.893288	99.406548
2.5	7	165	5	112.827805	98.547165
2.5	7	165	6	118.45443	93.912834
2.5	7	165	7	114.441597	92.356285
2.5	7	165	8	113.303825	97.879448
2.5	7	165	9	113.887276	93.537537
2.5	7	165	10	118.266808	88.666435
2.5	7	165	11	113.561424	93.883614
2.5	7	165	12	118.613556	89.181267
2.5	7	165	13	126.179886	81.629974
2.5	7	165	14	119.555107	88.050179
2.5	7	165	15	120.429871	80.741104
2.5	7	165	16	119.546227	93.918152
2.5	7	165	17	114.815651	92.216087
2.5	7	165	18	117.868393	89.497665
2.5	7	165	19	118.044952	84.825508
2.5	7	165	20	113.754967	95.708603
2.5	7	165	21	118.0895	92.779259
2.5	7	165	22	117.265533	86.401192
2.5	7	165	23	117.851852	90.251366
2.5	7	165	24	117.922119	84.743507
2.5	7	165	25	114.174438	93.331627
2.5	7	165	26	115.49472	90.117569
2.5	7	165	27	120.461746	92.980537
2.5	7	165	28	125.810966	81.239716
2.5	7	165	29	115.195488	90.60392
2.5	7	165	30	111.197922	95.624718
2.5	7	165	31	112.359543	98.065903
2.5	7	165	32	109.483803	97.183701
2.5	7	165	33	117.406288	88.425758
2.5	7	165	34	117.032394	94.960281
2.5	7	165	35	112.828087	97.902519
2.5	7	165	36	114.599228	96.369423
2.5	7	165	37	116.673439	88.542618
2.5	7	165	38	113.961143	95.46109
2.5	7	165	39	112.215233	98.79393
2.5	7	165	40	117.51445	90.726295
2.5	7	165	41	114.182716	96.01548
2.5	7	165	42	115.236084	92.772408
2.5	7	165	43	115.290985	94.071228
2.5	7	165	44	118.108246	96.283867
2.5	7	165	45	122.396729	95.297874
2.5	7	165	46	117.2715	92.772682
2.5	7	165	47	116.079781	93.921249
2.5	7	165	48	113.232918	87.601524
2.5	7	165	49	120.497437	89.859428
2.5	7	165	50	113.826721	95.108406
2.5	7	180	1	119.735107	83.172203
2.5	7	180	2	110.665314	93.156654
2.5	7	180	3	114.10891	94.680275
2.5	7	180	4	107.774597	99.527664
2.5	7	180	5	112.651848	98.567825
2.5	7	180	6	118.319588	94.019058
2.5	7	180	7	114.438148	92.469582
2.5	7	180	8	113.280739	97.884933
2.5	7	180	9	114.173996	93.731163
2.5	7	180	10	118.215317	88.865005
2.5	7	180	11	113.594856	93.946243
2.5	7	180	12	118.469467	89.644615
2.5	7	180	13	126.060776	81.791138
2.5	7	180	14	119.502548	88.165489
2.5	7	180	15	120.392448	80.776291
2.5	7	180	16	119.436142	93.664261
2.5	7	180	17	114.662193	92.51503
2.5	7	180	18	117.871124	89.651772
2.5	7	180	19	118.1754	84.999992
2.5	7	180	20	113.430725	96.103844
2.5	7	180	21	117.900047	93.058228
2.5	7	180	22	117.177147	86.423691
2.5	7	180	23	117.653519	90.555641
2.5	7	180	24	117.447533	85.338104
2.5	7	180	25	114.325378	93.628296
2.5	7	180	26	115.471863	90.223183
2.5	7	180	27	120.595398	93.265755
2.5	7	180	28	125.642418	81.370949
2.5	7	180	29	115.045532	90.633377
2.5	7	180	30	110.766022	95.686279
2.5	7	180	31	112.348572	98.116096
2.5	7	180	32	109.43914	97.383438
2.5	7	180	33	117.414787	88.615837
2.5	7	180	34	117.072823	95.168365
2.5	7	180	35	112.848846	98.208527
2.5	7	180	36	114.619003	96.411377
2.5	7	180	37	116.400597	88.638741
2.5	7	180	38	113.560173	95.637642
2.5	7	180	39	112.081261	98.839951
2.5	7	180	40	117.399986	90.822762
2.5	7	180	41	114.234688	96.307373
2.5	7	180	42	115.080772	93.062714
2.5	7	180	43	115.157341	94.244476
2.5	7	180	44	118.049988	96.22332
2.5	7	180	45	122.51709	95.125893
2.5	7	180	46	117.331329	92.753174
2.5	7	180	47	115.89415	94.06485
2.5	7	180	48	113.130104	87.705223
2.5	7	180	49	120.3657	90.24015
2.5	7	180	50	113.896523	94.941017
2.5	7	195	1	119.868347	82.864716
2.5	7	195	2	110.663361	93.137146
2.5	7	195	3	114.065842	94.693718
2.5	7	195	4	107.832733	99.444939
2.5	7	195	5	112.835396	98.551781
2.5	7	195	6	118.452774	93.936859
2.5	7	195	7	114.430115	92.362671
2.5	7	195	8	113.304543	97.88781
2.5	7	195	9	113.910271	93.493904
2.5	7	195	10	118.252686	88.642693
2.5	7	195	11	113.526398	93.950829
2.5	7	195	12	118.630455	89.107925
2.5	7	195	13	126.174385	81.653236
2.5	7	195	14	119.553467	88.037453
2.5	7	195	15	120.424904	80.738251
2.5	7	195	16	119.568489	93.85556
2.5	7	195	17	114.846413	92.240532
2.5	7	195	18	117.919373	89.490601
2.5	7	195	19	118.046432	84.823647
2.5	7	195	20	113.774605	95.687332
2.5	7	195	21	118.072762	92.702255
2.5	7	195	22	117.302948	86.366867
2.5	7	195	23	117.810425	90.230347
2.5	7	195	24	117.913887	84.758163
2.5	7	195	25	114.184753	93.32888
2.5	7	195	26	115.489899	90.085999
2.5	7	195	27	120.430244	92.969185
2.5	7	195	28	125.76757	81.219116
2.5	7	195	29	115.157181	90.573593
2.5	7	195	30	111.183487	95.745743
2.5	7	195	31	112.414642	98.065399
2.5	7	195	32	109.382111	97.088074
2.5	7	195	33	117.39827	88.457321
2.5	7	195	34	116.97612	94.932518
2.5	7	195	35	112.735298	97.873978
2.5	7	195	36	114.61615	96.315872
2.5	7	195	37	116.648804	88.563004
2.5	7	195	38	113.89801	95.521706
2.5	7	195	39	112.175781	98.770935
2.5	7	195	40	117.549355	90.707977
2.5	7	195	41	114.134155	96.058617
2.5	7	195	42	115.2519	92.684067
2.5	7	195	43	115.308891	94.075356
2.5	7	195	44	118.147247	96.178505
2.5	7	195	45	122.380463	95.289658
2.5	7	195	46	117.30217	92.759331
2.5	7	195	47	116.143608	93.822968
2.5	7	195	48	113.228317	87.620705
2.5	7	195	49	120.50029	89.872635
2.5	7	195	50	113.810295	95.074432
2.5	8	165	1	115.568642	83.552887
2.5	8	165	2	109.250374	98.340637
2.5	8	165	3	116.769814	92.050148
2.5	8	165	4	108.388062	98.673134
2.5	8	165	5	111.793747	93.357452
2.5	8	165	6	109.619591	95.134155
2.5	8	165	7	121.68174	82.646706
2.5	8	165	8	111.843925	97.522606
2.5	8	165	9	116.985298	88.320755
2.5	8	165	10	118.712044	89.160957
2.5	8	165	11	115.614418	94.022362
2.5	8	165	12	121.101433	91.533409
2.5	8	165	13	113.926468	95.69622
2.5	8	165	14	115.4842	86.18251
2.5	8	165	15	116.412651	88.747597
2.5	8	165	16	119.699348	96.156517
2.5	8	165	17	114.72496	96.955956
2.5	8	165	18	119.180862	91.480164
2.5	8	165	19	113.771629	96.236557
2.5	8	165	20	117.622528	92.295959
2.5	8	165	21	117.110901	90.457153
2.5	8	165	22	120.82444	81.855759
2.5	8	165	23	115.881409	90.185455
2.5	8	165	24	116.730026	90.892899
2.5	8	165	25	112.908546	94.241737
2.5	8	165	26	117.7798	90.964973
2.5	8	165	27	117.723793	85.220619
2.5	8	165	28	122.658775	90.010162
2.5	8	165	29	119.46167	88.441528
2.5	8	165	30	113.080399	92.824806
2.5	8	165	31	113.064758	97.617432
2.5	8	165	32	111.203415	96.428581
2.5	8	165	33	117.016624	92.831535
2.5	8	165	34	115.092072	95.086418
2.5	8	165	35	115.302811	94.337158
2.5	8	165	36	116.109276	88.856117
2.5	8	165	37	117.215439	96.163208
2.5	8	165	38	113.920441	94.464966
2.5	8	165	39	112.743629	96.673355
2.5	8	165	40	119.890869	87.740829
2.5	8	165	41	112.284943	97.554291
2.5	8	165	42	117.073036	91.614365
2.5	8	165	43	117.814064	93.494484
2.5	8	165	44	115.670792	89.837654
2.5	8	165	45	114.131752	94.030022
2.5	8	165	46	114.7285	94.195084
2.5	8	165	47	116.336479	84.186874
2.5	8	165	48	117.300804	94.317322
2.5	8	165	49	115.868851	93.47139
2.5	8	165	50	111.525444	95.253502
2.5	8	180	1	115.560944	83.591484
2.5	8	180	2	108.667152	98.629578
2.5	8	180	3	116.530365	92.323975
2.5	8	180	4	108.514862	98.717316
2.5	8	180	5	111.697433	93.798935
2.5	8	180	6	109.77845	95.198456
2.5	8	180	7	121.594185	82.933624
2.5	8	180	8	111.57412	97.58757
2.5	8	180	9	116.798363	88.908012
2.5	8	180	10	118.707191	89.169685
2.5	8	180	11	115.599289	94.128342
2.5	8	180	12	121.060013	91.737923
2.5	8	180	13	113.690323	95.861252
2.5	8	180	14	115.350883	86.468842
2.5	8	180	15	116.397247	88.764053
2.5	8	180	16	119.684494	96.229233
2.5	8	180	17	114.544746	97.178749
2.5	8	180	18	119.375381	91.452728
2.5	8	180	19	113.567612	96.277466
2.5	8	180	20	117.367256	92.607018
2.5	8	180	21	117.09053	90.610901
2.5	8	180	22	120.805725	82.061272
2.5	8	180	23	115.745399	90.266068
2.5	8	180	24	116.456512	90.966232
2.5	8	180	25	112.897423	94.229988
2.5	8	180	26	117.731094	90.995865
2.5	8	180	27	117.525772	85.305008
2.5	8	180	28	122.494568	90.071243
2.5	8	180	29	119.272247	88.7257
2.5	8	180	30	113.061478	92.938965
2.5	8	180	31	112.977791	97.737602
2.5	8	180	32	111.348289	96.492104
2.5	8	180	33	117.027641	92.832176
2.5	8	180	34	115.09436	95.320168
2.5	8	180	35	115.163338	94.467369
2.5	8	180	36	116.170631	89.103714
2.5	8	180	37	117.155052	96.546913
2.5	8	180	38	113.896378	94.770042
2.5	8	180	39	112.249863	96.651115
2.5	8	180	40	119.85569	87.916962
2.5	8	180	41	112.252312	97.695358
2.5	8	180	42	117.112427	92.168961
2.5	8	180	43	117.811287	93.502327
2.5	8	180	44	115.479851	89.838661
2.5	8	180	45	114.208008	94.062241
2.5	8	180	46	114.596626	94.419792
2.5	8	180	47	116.100319	84.36293
2.5	8	180	48	117.129387	94.474815
2.5	8	180	49	115.834343	93.637169
2.5	8	180	50	111.424385	95.342293
2.5	8	195	1	115.581268	83.546066
2.5	8	195	2	109.218651	98.304054
2.5	8	195	3	116.762527	92.012596
2.5	8	195	4	108.393288	98.660652
2.5	8	195	5	111.82103	93.373505
2.5	8	195	6	109.635979	95.123291
2.5	8	195	7	121.667564	82.620865
2.5	8	195	8	111.849892	97.548264
2.5	8	195	9	116.956566	88.282127
2.5	8	195	10	118.729767	89.150612
2.5	8	195	11	115.582947	94.051231
2.5	8	195	12	121.11702	91.570374
2.5	8	195	13	113.904869	95.709839
2.5	8	195	14	115.488243	86.156883
2.5	8	195	15	116.403671	88.783569
2.5	8	195	16	119.724396	96.146286
2.5	8	195	17	114.705902	96.978119
2.5	8	195	18	119.147003	91.51799
2.5	8	195	19	113.763458	96.241776
2.5	8	195	20	117.622292	92.244972
2.5	8	195	21	117.137024	90.463524
2.5	8	195	22	120.834984	81.820702
2.5	8	195	23	115.85733	90.243027
2.5	8	195	24	116.74688	90.905716
2.5	8	195	25	112.906311	94.212517
2.5	8	195	26	117.783348	90.956894
2.5	8	195	27	117.717941	85.217911
2.5	8	195	28	122.620377	90.03405
2.5	8	195	29	119.431656	88.460281
2.5	8	195	30	113.075821	92.794357
2.5	8	195	31	113.064835	97.674232
2.5	8	195	32	111.223724	96.389221
2.5	8	195	33	117.041878	92.834152
2.5	8	195	34	115.086006	95.127419
2.5	8	195	35	115.214188	94.406746
2.5	8	195	36	116.101868	88.849281
2.5	8	195	37	117.188469	96.205429
2.5	8	195	38	113.880898	94.453827
2.5	8	195	39	112.690887	96.602791
2.5	8	195	40	119.933029	87.729889
2.5	8	195	41	112.303337	97.562744
2.5	8	195	42	117.073578	91.58609
2.5	8	195	43	117.83297	93.465546
2.5	8	195	44	115.723022	89.670242
2.5	8	195	45	114.128632	94.080666
2.5	8	195	46	114.69471	94.179825
2.5	8	195	47	116.349152	84.137283
2.5	8	195	48	117.285355	94.318062
2.5	8	195	49	115.856865	93.475311
2.5	8	195	50	111.489014	95.213158
1.5	5	165	1	112.723671	96.303017
1.5	5	165	2	106.641022	101.210159
1.5	5	165	3	111.684982	97.096954
1.5	5	165	4	105.311607	100.791725
1.5	5	165	5	110.40728	96.058479
1.5	5	165	6	111.296829	96.505768
1.5	5	165	7	108.211815	99.511528
1.5	5	165	8	112.239288	99.293694
1.5	5	165	9	108.764503	99.925194
1.5	5	165	10	113.06266	96.315758
1.5	5	165	11	110.036758	98.375626
1.5	5	165	12	113.452316	96.362854
1.5	5	165	13	112.036888	98.059601
1.5	5	165	14	112.191116	96.143486
1.5	5	165	15	114.316818	96.034615
1.5	5	165	16	111.584511	98.940002
1.5	5	165	17	111.824829	98.520111
1.5	5	165	18	111.201401	97.025307
1.5	5	165	19	112.17144	97.02121
1.5	5	165	20	111.347633	97.172791
1.5	5	165	21	114.616089	95.822899
1.5	5	165	22	110.797653	97.480217
1.5	5	165	23	109.421158	97.3396
1.5	5	165	24	113.252716	95.213394
1.5	5	165	25	116.33889	93.605766
1.5	5	165	26	112.781761	98.731926
1.5	5	165	27	112.02301	97.706047
1.5	5	165	28	116.874283	90.36618
1.5	5	165	29	115.92141	96.499916
1.5	5	165	30	108.582489	99.264389
1.5	5	165	31	105.952736	99.426643
1.5	5	165	32	108.765038	97.677719
1.5	5	165	33	110.978065	98.374687
1.5	5	165	34	109.712524	97.983871
1.5	5	165	35	106.538399	100.919914
1.5	5	165	36	109.141396	98.132599
1.5	5	165	37	110.987907	96.590935
1.5	5	165	38	108.55645	98.781036
1.5	5	165	39	107.948753	98.379257
1.5	5	165	40	109.125961	96.476089
1.5	5	165	41	108.483322	98.148811
1.5	5	165	42	112.828598	95.340225
1.5	5	165	43	112.911934	97.29998
1.5	5	165	44	113.68129	96.454132
1.5	5	165	45	112.533157	96.678017
1.5	5	165	46	109.402939	97.193306
1.5	5	165	47	110.579674	95.091599
1.5	5	165	48	109.284813	96.460724
1.5	5	165	49	110.44455	98.102577
1.5	5	165	50	110.717712	99.022148
1.5	5	180	1	112.694786	96.538887
1.5	5	180	2	106.673561	101.099861
1.5	5	180	3	111.47142	97.312187
1.5	5	180	4	105.334892	100.816528
1.5	5	180	5	110.302872	96.007111
1.5	5	180	6	111.28669	96.498604
1.5	5	180	7	108.093475	99.63681
1.5	5	180	8	112.164932	99.362717
1.5	5	180	9	108.720772	99.958359
1.5	5	180	10	112.536346	96.541969
1.5	5	180	11	109.569557	98.685959
1.5	5	180	12	113.025597	96.284065
1.5	5	180	13	111.992004	98.311127
1.5	5	180	14	111.998718	96.612137
1.5	5	180	15	114.230659	95.957153
1.5	5	180	16	110.841675	99.415482
1.5	5	180	17	111.739021	99.094147
1.5	5	180	18	111.104378	97.277542
1.5	5	180	19	111.829735	97.133377
1.5	5	180	20	111.051659	97.118797
1.5	5	180	21	114.337219	96.26506
1.5	5	180	22	110.825188	97.565666
1.5	5	180	23	109.196434	97.868851
1.5	5	180	24	113.085861	95.705795
1.5	5	180	25	116.161232	93.651878
1.5	5	180	26	112.707611	98.750351
1.5	5	180	27	112.11026	97.629341
1.5	5	180	28	116.757675	90.516861
1.5	5	180	29	115.872749	96.556297
1.5	5	180	30	108.614113	99.139114
1.5	5	180	31	106.141586	99.406532
1.5	5	180	32	108.749275	97.707726
1.5	5	180	33	110.97184	98.422638
1.5	5	180	34	109.30204	98.488335
1.5	5	180	35	106.454903	100.97937
1.5	5	180	36	109.049477	98.150543
1.5	5	180	37	111.02951	96.876953
1.5	5	180	38	108.373169	99.308098
1.5	5	180	39	107.900986	98.522827
1.5	5	180	40	108.98423	96.565277
1.5	5	180	41	108.615173	98.105759
1.5	5	180	42	112.489685	95.401077
1.5	5	180	43	113.140694	97.299194
1.5	5	180	44	113.508797	96.896378
1.5	5	180	45	112.382652	96.737076
1.5	5	180	46	109.137123	97.478714
1.5	5	180	47	110.781059	95.084633
1.5	5	180	48	109.293594	96.510292
1.5	5	180	49	110.290428	98.318596
1.5	5	180	50	110.738312	98.982758
1.5	5	195	1	112.733444	96.299232
1.5	5	195	2	106.684006	101.237717
1.5	5	195	3	111.650917	97.098671
1.5	5	195	4	105.328102	100.850258
1.5	5	195	5	110.373383	96.102608
1.5	5	195	6	111.301384	96.570518
1.5	5	195	7	108.189278	99.526932
1.5	5	195	8	112.213249	99.338112
1.5	5	195	9	108.781761	99.969528
1.5	5	195	10	113.0802	96.318619
1.5	5	195	11	109.926323	98.425362
1.5	5	195	12	113.421028	96.423843
1.5	5	195	13	112.053345	98.043533
1.5	5	195	14	112.092926	96.123856
1.5	5	195	15	114.302727	96.019226
1.5	5	195	16	111.59584	98.920578
1.5	5	195	17	111.884415	98.445839
1.5	5	195	18	111.16729	97.04615
1.5	5	195	19	112.138542	97.02047
1.5	5	195	20	111.24279	97.177299
1.5	5	195	21	114.593193	95.885971
1.5	5	195	22	110.823196	97.47374
1.5	5	195	23	109.426277	97.353943
1.5	5	195	24	113.289352	95.209656
1.5	5	195	25	116.326195	93.627136
1.5	5	195	26	112.809364	98.761185
1.5	5	195	27	112.072739	97.756195
1.5	5	195	28	116.848557	90.348213
1.5	5	195	29	115.836082	96.54998
1.5	5	195	30	108.615776	99.200584
1.5	5	195	31	105.959381	99.373848
1.5	5	195	32	108.769936	97.659088
1.5	5	195	33	110.951416	98.379448
1.5	5	195	34	109.688271	98.07869
1.5	5	195	35	106.499672	100.974518
1.5	5	195	36	109.128517	98.144699
1.5	5	195	37	111.018768	96.587227
1.5	5	195	38	108.550072	98.785622
1.5	5	195	39	107.908089	98.446785
1.5	5	195	40	109.183189	96.524498
1.5	5	195	41	108.541893	98.053665
1.5	5	195	42	112.807892	95.416374
1.5	5	195	43	112.865242	97.29039
1.5	5	195	44	113.699753	96.46891
1.5	5	195	45	112.487724	96.715027
1.5	5	195	46	109.311981	97.299965
1.5	5	195	47	110.5979	95.069
1.5	5	195	48	109.275864	96.49884
1.5	5	195	49	110.332985	98.097321
